,y_Tp13_PriceChg_c0,y_Tp13_PriceChg_c1,y_Tp13_PriceChg_c2,y_Tp13_PriceChg_c3,y_Tp13_PriceChg_c4,y_Tp13_PriceChg_c5,pc_pred
0,0.008849,0.232723,0.672456,0.074904,0.010109,0.000959,0.01037464682544243
1,0.023138,0.412397,0.536499,0.023582,0.004088,0.000296,-0.006079254662938776
2,0.055036,0.45666,0.471785,0.013192,0.003184,0.000144,-0.014031177248536173
3,0.024792,0.217143,0.563385,0.157732,0.033328,0.003621,0.01617457158434672
4,0.021026,0.249244,0.557015,0.141226,0.027285,0.004204,0.013386229717270656
5,0.001679,0.005828,0.130471,0.754661,0.105005,0.002357,0.070301449770173
6,0.00459,0.026363,0.318727,0.473887,0.160784,0.015649,0.062325289665225866
7,0.007612,0.004555,0.038558,0.214786,0.58927,0.145219,0.1176855632292966
8,0.00074,0.003549,0.077053,0.318166,0.459917,0.140575,0.10996955070286982
9,0.000223,0.001568,0.101204,0.593638,0.290453,0.012914,0.08339900703350395
10,9e-06,1e-06,0.000383,0.103633,0.845586,0.050387,0.12199987266892454
11,0.000149,0.000628,0.015944,0.114513,0.734802,0.133965,0.126636119451121
12,0.000425,0.000803,0.004338,0.043189,0.757006,0.194239,0.13633620146399567
13,5e-06,1.1e-05,0.00053,0.078802,0.822195,0.098456,0.12722316011371596
14,1e-06,0.0,4.8e-05,0.045983,0.892757,0.061211,0.12585917210383948
15,2.6e-05,3e-05,0.000347,0.009903,0.869152,0.120542,0.1325596975968967
16,8.4e-05,0.000342,0.002187,0.080546,0.794921,0.12192,0.12883358973146392
17,0.000347,0.008168,0.067034,0.51203,0.333545,0.078875,0.09538599888931706
18,0.000649,0.046393,0.492984,0.409968,0.045493,0.004514,0.044517255159496304
19,0.000144,0.045821,0.844973,0.093083,0.014896,0.001084,0.0245367444673896
20,0.000869,0.013095,0.476193,0.370532,0.1355,0.00381,0.053572338596127124
21,0.001317,0.195983,0.778474,0.02251,0.001621,9.5e-05,0.009982639784052423
22,0.001266,0.149104,0.761676,0.073223,0.013818,0.000912,0.016876141201614504
23,0.009439,0.221291,0.665724,0.084349,0.016713,0.002485,0.012435453729106186
24,0.008488,0.310428,0.67171,0.008616,0.000724,3.3e-05,0.00111487973807538
25,0.018639,0.289205,0.571227,0.101788,0.016974,0.002168,0.007815324304503903
26,0.00475,0.177763,0.691364,0.099985,0.023963,0.002175,0.017268113812799933
27,0.031579,0.336214,0.541122,0.06825,0.019308,0.003528,0.0018364674305380996
28,0.013592,0.230995,0.661236,0.077426,0.012957,0.003795,0.010745421950156198
29,0.006459,0.161738,0.70546,0.10005,0.022331,0.003962,0.018172547845145378
30,0.003098,0.226231,0.73905,0.028967,0.00254,0.000113,0.008301680668677758
31,0.000511,0.125545,0.827642,0.041778,0.004311,0.000212,0.0157076457004546
32,0.003941,0.299385,0.652452,0.03758,0.006456,0.000185,0.004551679871324078
33,0.050327,0.352195,0.542849,0.038113,0.012907,0.003608,-0.004028832057883291
34,0.089179,0.873938,0.036588,0.000209,8.4e-05,2e-06,-0.04553863865898796
35,0.157673,0.706853,0.128132,0.004195,0.002724,0.000422,-0.04457619014194601
36,0.046741,0.418874,0.509605,0.021404,0.002991,0.000386,-0.010074312800530205
37,0.117378,0.783379,0.097719,0.000951,0.000533,4e-05,-0.04394377395173644
38,0.035924,0.479636,0.471185,0.009027,0.003596,0.000631,-0.012777553818431086
39,0.119394,0.751487,0.127859,0.00078,0.000447,3.3e-05,-0.04229632242710546
40,0.047223,0.518756,0.342886,0.079646,0.010827,0.000662,-0.012416428598582224
41,0.125906,0.810034,0.060677,0.0017,0.001638,4.6e-05,-0.04665064184441395
42,0.115398,0.543181,0.298903,0.033326,0.008573,0.00062,-0.026330776656915307
43,0.133307,0.82359,0.042878,0.000121,0.0001,4e-06,-0.04879147302931113
44,0.11382,0.542163,0.321497,0.016348,0.005448,0.000725,-0.027216498791412098
45,0.029453,0.625413,0.344564,0.000361,0.000203,6e-06,-0.021697608086200103
46,0.013691,0.444111,0.511083,0.026654,0.003995,0.000466,-0.006487180346448164
47,0.028803,0.581395,0.387282,0.001601,0.000837,8.1e-05,-0.018762077671732373
48,0.001327,0.142234,0.808431,0.042405,0.005273,0.00033,0.014719473794509377
49,0.002564,0.171647,0.785983,0.034937,0.004491,0.000378,0.012282121809758054
50,0.000434,0.078558,0.90917,0.01118,0.000641,1.6e-05,0.016612520099767086
51,0.018212,0.307171,0.64738,0.024404,0.002545,0.000288,0.0009647306479504498
52,0.005545,0.159531,0.805736,0.027169,0.001307,0.000711,0.011932794255783297
53,0.011739,0.278982,0.696123,0.011823,0.001012,0.00032,0.0028242654913942177
54,0.00299,0.171359,0.819778,0.005651,0.000203,1.9e-05,0.01022494958402283
55,0.097258,0.695918,0.206495,0.000287,4.1e-05,1e-06,-0.03578176974944866
56,0.026712,0.331026,0.618262,0.018664,0.004538,0.000798,-0.0017165927154867628
57,0.006654,0.253246,0.731805,0.00766,0.000598,3.6e-05,0.00482364343675565
58,0.003395,0.155807,0.825101,0.014516,0.000959,0.000222,0.011692128464736253
59,0.013276,0.268358,0.672442,0.03673,0.008248,0.000947,0.005394308287491234
60,0.018245,0.409694,0.551271,0.016473,0.003777,0.00054,-0.00556356739147773
61,0.043126,0.513191,0.40688,0.017106,0.017063,0.002634,-0.013705565669908193
62,0.021174,0.349765,0.579843,0.039785,0.008287,0.001145,-0.000534747586090437
63,0.014403,0.422239,0.551667,0.010478,0.001059,0.000155,-0.006439169517566515
64,0.01043,0.572551,0.416042,0.000725,0.000216,3.6e-05,-0.015697716958757706
65,0.000373,0.127225,0.829565,0.040883,0.001909,4.5e-05,0.015301759444659172
66,8.3e-05,0.078143,0.905534,0.015094,0.000998,0.000148,0.016950971773141626
67,0.002993,0.128926,0.809394,0.043359,0.011208,0.004119,0.016653678183371108
68,9.8e-05,0.075402,0.904487,0.019021,0.000962,3.1e-05,0.017293901749764338
69,0.010025,0.204043,0.686249,0.080463,0.01708,0.002141,0.01318279390685381
70,0.003266,0.095079,0.607407,0.274336,0.018841,0.00107,0.030805209567293452
71,0.005454,0.161699,0.686397,0.108375,0.032693,0.005382,0.02007077648730727
72,0.018992,0.260231,0.624453,0.087266,0.008337,0.000722,0.007642487800614767
73,0.028445,0.196106,0.459866,0.214358,0.086414,0.014811,0.027357601650053985
74,0.141738,0.719836,0.066257,0.032907,0.037036,0.002226,-0.0377611927638285
75,0.014996,0.273255,0.658636,0.038614,0.012918,0.001581,0.0055389546919968604
76,0.135967,0.607526,0.250009,0.005091,0.00132,8.7e-05,-0.03552633212816188
77,0.200631,0.526785,0.249606,0.015476,0.006522,0.00098,-0.03862995243994962
78,0.150435,0.676877,0.167524,0.001425,0.003531,0.000208,-0.04179791899616598
79,0.757967,0.174097,0.055936,0.006374,0.003782,0.001845,-0.09763916697930718
80,0.036924,0.566476,0.395789,0.000673,0.000118,2e-05,-0.0191461417708413
81,0.100354,0.806408,0.093152,6.5e-05,2e-05,1e-06,-0.04301629439766191
82,0.082003,0.601532,0.314634,0.001305,0.000469,5.7e-05,-0.027695494651012675
83,0.139089,0.676926,0.178468,0.003629,0.00175,0.000138,-0.0402528836704773
84,0.217005,0.72409,0.058787,7.4e-05,3.5e-05,1e-05,-0.054718710860488746
85,0.123514,0.797153,0.078829,0.000331,0.000165,9e-06,-0.04574513120030095
86,0.103856,0.743287,0.152608,0.00019,5e-05,9e-06,-0.0396371393719487
87,0.30978,0.444452,0.234187,0.008052,0.002493,0.001036,-0.05004179757312208
88,0.140101,0.799526,0.060045,0.000191,0.000129,8e-06,-0.048284158104247146
89,0.268208,0.559218,0.169849,0.001899,0.000765,6.1e-05,-0.051783441746911914
90,0.241743,0.757864,0.000393,0.0,0.0,0.0,-0.060352427888489935
91,0.080124,0.907395,0.012479,1e-06,1e-06,0.0,-0.046309533069142726
92,0.137395,0.8487,0.013891,1.1e-05,3e-06,0.0,-0.050934937096473926
93,0.7144,0.285532,6.8e-05,0.0,0.0,0.0,-0.09927246997144687
94,0.981513,0.018377,0.000109,1e-06,0.0,0.0,-0.12125349062304859
95,0.484495,0.495163,0.018581,0.000994,0.000747,2e-05,-0.07897637513468736
96,0.544243,0.37979,0.074253,0.000987,0.000713,1.4e-05,-0.08048720355508665
97,0.174022,0.709373,0.115551,0.000791,0.000249,1.3e-05,-0.04758313850804947
98,0.079594,0.908009,0.012394,1e-06,1e-06,0.0,-0.04627108607691997
99,0.111739,0.803768,0.084284,0.000155,5.1e-05,3e-06,-0.04448143709140152
100,0.045469,0.952961,0.00157,0.0,0.0,0.0,-0.044126710938910144
101,0.1265,0.784837,0.087918,0.000511,0.000224,9e-06,-0.04540341495504609
102,1e-06,3e-06,0.000105,0.100426,0.864357,0.035108,0.12092837845237431
103,0.153365,0.613762,0.220723,0.007841,0.003808,0.000501,-0.03793490244180358
104,0.111802,0.686436,0.194526,0.004711,0.002276,0.000249,-0.03678680992022873
105,0.000511,0.090857,0.902704,0.005832,8.5e-05,1.1e-05,0.015513904802026426
106,0.003725,0.071752,0.872855,0.049656,0.001677,0.000334,0.018704079487829962
107,0.014264,0.074639,0.727772,0.141789,0.03669,0.004846,0.026175628552123915
108,0.000778,0.199902,0.798967,0.000349,3e-06,1e-06,0.008495228820339871
109,0.118557,0.818291,0.062935,0.000173,4.3e-05,1e-06,-0.04635165213241141
110,0.089788,0.731949,0.177391,0.000711,0.000158,4e-06,-0.03688421976003381
111,8.2e-05,0.124449,0.873706,0.001726,3.6e-05,0.0,0.013296769917582954
112,0.000345,0.160611,0.810961,0.026844,0.001167,7.1e-05,0.012463943940016382
113,0.001389,0.138514,0.849215,0.010173,0.000685,2.4e-05,0.012752428400948907
114,0.004516,0.18755,0.769571,0.033377,0.004625,0.000361,0.010956637284825184
115,0.00192,0.127221,0.839564,0.029308,0.001928,5.9e-05,0.014488075913180106
116,0.000664,0.152608,0.82826,0.017494,0.000937,3.6e-05,0.012397291417286311
117,0.002658,0.119461,0.873572,0.004035,0.000243,3.1e-05,0.013378563284695614
118,0.002044,0.099299,0.682435,0.187748,0.027321,0.001153,0.027144231621164104
119,0.000103,0.001695,0.078655,0.656701,0.238664,0.024181,0.0834447159827874
120,0.001865,0.004147,0.147784,0.699975,0.144102,0.002127,0.07151721237931354
121,0.001089,0.011693,0.278251,0.612337,0.095623,0.001007,0.061485440266170546
122,0.000347,0.003934,0.105458,0.59675,0.276362,0.017148,0.08273857369189692
123,0.000191,0.001053,0.089241,0.705959,0.199739,0.003816,0.07825899336233097
124,0.000426,0.029834,0.801348,0.157449,0.010021,0.000922,0.028263783061050908
125,0.000876,0.024894,0.486703,0.41018,0.07407,0.003276,0.04850794853996796
126,0.000402,0.053665,0.764968,0.164779,0.015881,0.000305,0.027668501886075232
127,0.000504,0.019973,0.498389,0.429457,0.050465,0.001212,0.047059857876893964
128,0.00023,0.008372,0.464809,0.498911,0.027518,0.000161,0.048846911522850554
129,0.004294,0.154822,0.785862,0.050402,0.004416,0.000204,0.013822289934395202
130,0.002489,0.07988,0.572014,0.290906,0.052588,0.002123,0.03634920490820338
131,0.004691,0.172868,0.721003,0.082623,0.017277,0.001538,0.01588066945461192
132,0.002172,0.182385,0.789688,0.023705,0.001942,0.000108,0.010790587770137002
133,0.002026,0.149103,0.751001,0.084412,0.0124,0.001059,0.017225630434461448
134,0.008191,0.206112,0.76351,0.019572,0.002267,0.000348,0.008335669436969177
135,0.007522,0.154893,0.740808,0.072065,0.019471,0.005241,0.016942206136399816
136,0.001062,0.13169,0.783703,0.075088,0.008031,0.000426,0.017387667424328845
137,0.001844,0.122454,0.720433,0.139843,0.014502,0.000924,0.02193156986342413
138,0.006946,0.216512,0.762158,0.013209,0.000995,0.000181,0.007387897865810687
139,0.002048,0.178381,0.791421,0.025371,0.002545,0.000234,0.011224774737178565
140,0.002513,0.165266,0.79486,0.033172,0.00394,0.00025,0.012509843456317582
141,0.012701,0.202073,0.713069,0.054505,0.014502,0.00315,0.011505075516490075
142,0.002595,0.150001,0.820443,0.022248,0.004124,0.000589,0.012953054168679135
143,0.000898,0.18008,0.803078,0.015103,0.000799,4.3e-05,0.010542899842053375
144,0.002445,0.170762,0.784993,0.037747,0.003509,0.000544,0.012428516798709809
145,0.000156,0.134507,0.861163,0.004042,0.000127,5e-06,0.012798851250609315
146,0.022116,0.430243,0.53925,0.006397,0.001708,0.000286,-0.008157490433031017
147,0.001056,0.146041,0.804817,0.043695,0.004227,0.000165,0.014453867980698188
148,0.008027,0.207173,0.698044,0.073421,0.012431,0.000905,0.012210810586189008
149,0.000201,0.119533,0.869059,0.010679,0.000514,1.5e-05,0.014094080784023896
150,5.9e-05,0.066056,0.915821,0.017212,0.000821,3.2e-05,0.017765261146376696
151,0.002479,0.121338,0.715763,0.131647,0.027152,0.001621,0.022909483281396234
152,0.008723,0.19911,0.773892,0.014263,0.003518,0.000494,0.008570175685179097
153,0.001191,0.100607,0.877592,0.018781,0.001698,0.000131,0.015672513992909674
154,0.000983,0.124008,0.838939,0.032062,0.003782,0.000225,0.015181908463746544
155,0.006334,0.203438,0.770741,0.017111,0.002075,0.000301,0.008611274592847263
156,0.002531,0.158939,0.794887,0.038754,0.00456,0.000329,0.013260849768241057
157,0.018587,0.336335,0.620705,0.020153,0.003722,0.000498,-0.0009374695153226874
158,0.040068,0.584059,0.351555,0.016912,0.006328,0.001076,-0.019008985310044926
159,0.08997,0.824309,0.085333,0.000276,0.000105,6e-06,-0.042602225150728965
160,0.100554,0.879738,0.019402,0.000145,0.000157,4e-06,-0.04752360048962867
161,0.141663,0.704304,0.145882,0.004683,0.002942,0.000526,-0.04205364163652349
162,0.102074,0.658318,0.232349,0.004598,0.002367,0.000293,-0.033653513985130064
163,0.067996,0.515329,0.395224,0.015443,0.005135,0.000873,-0.019040353642421137
164,0.004767,0.169232,0.724771,0.083328,0.016529,0.001374,0.016022227698244188
165,0.012613,0.202215,0.636778,0.119282,0.025323,0.003788,0.016070748377277715
166,0.001673,0.121414,0.812859,0.05411,0.009426,0.000519,0.017009398230325504
167,0.00893,0.198649,0.647489,0.11501,0.026588,0.003334,0.016643772821212585
168,0.000877,0.092824,0.862833,0.037541,0.005691,0.000234,0.017588812045842374
169,0.001809,0.132814,0.742152,0.107501,0.014648,0.001076,0.019678242136653014
170,0.000379,0.109044,0.873648,0.015785,0.001094,5.2e-05,0.01504101635533817
171,0.00157,0.186147,0.777687,0.03225,0.002276,7e-05,0.011113645664504707
172,0.003599,0.169564,0.803761,0.020978,0.001973,0.000125,0.011237768788002648
173,0.008508,0.37528,0.615897,0.000293,1.9e-05,2e-06,-0.0033719061179741956
174,0.012959,0.330804,0.652479,0.003247,0.000468,4.3e-05,-0.0010778228091617404
175,0.073635,0.638266,0.286764,0.001224,0.0001,1.2e-05,-0.02879668606771911
176,0.098738,0.800956,0.100181,9.6e-05,2.9e-05,1e-06,-0.042447283078768286
177,0.101747,0.887505,0.010746,1e-06,1e-06,0.0,-0.048195409533264594
178,0.185624,0.577177,0.202145,0.019317,0.013076,0.002662,-0.03838549012840389
179,0.160551,0.716053,0.122041,0.000864,0.000457,3.3e-05,-0.04602923956944065
180,0.111929,0.81436,0.07284,0.000571,0.000287,1.3e-05,-0.04511090635418319
181,0.068369,0.666774,0.260371,0.002998,0.001302,0.000186,-0.02954219422166819
182,0.089851,0.603722,0.301038,0.004031,0.001223,0.000134,-0.028725238925322815
183,0.16617,0.757434,0.07087,0.002467,0.002892,0.000167,-0.04901770407971667
184,0.055309,0.491031,0.439986,0.008359,0.004688,0.000628,-0.016183899183218744
185,0.038833,0.299199,0.559849,0.075922,0.021283,0.004914,0.003918350633699245
186,0.004449,0.057354,0.282311,0.528852,0.118294,0.00874,0.05765175839059185
187,0.011706,0.093577,0.448106,0.360421,0.07894,0.00725,0.04141043034915179
188,0.007792,0.058899,0.357541,0.493531,0.076227,0.00601,0.0504493593403873
189,0.007797,0.023561,0.20758,0.624185,0.132368,0.004509,0.06481092830007681
190,0.000605,0.004245,0.246528,0.676649,0.071109,0.000863,0.06279058972097033
191,0.025246,0.218526,0.709336,0.03888,0.006837,0.001176,0.006740017496789226
192,0.025336,0.247609,0.689936,0.022981,0.01139,0.002748,0.0048810174481194405
193,0.002943,0.134241,0.784016,0.059015,0.017068,0.002715,0.017480950467397997
194,0.016005,0.161132,0.705816,0.086651,0.023899,0.006498,0.01677807368281167
195,0.002696,0.114711,0.877248,0.005022,0.000239,8.4e-05,0.013724660983182408
196,0.067945,0.320348,0.510836,0.079507,0.018966,0.002399,-0.0020777493605830576
197,0.138534,0.343384,0.352702,0.095796,0.059072,0.010511,-0.00718684922809151
198,0.017578,0.283967,0.668361,0.026238,0.003388,0.000468,0.0026928844385333364
199,0.014497,0.001362,0.041714,0.626367,0.308756,0.007304,0.08388145159433075
200,0.000929,2.1e-05,0.01597,0.867709,0.115351,1.9e-05,0.07721435022986244
201,0.00012,0.00207,0.181768,0.64918,0.158478,0.008383,0.07190668076606689
202,0.000231,0.00433,0.164598,0.548744,0.244282,0.037815,0.08080108022699327
203,0.000695,0.015521,0.029693,0.056733,0.731533,0.165824,0.12822886302022377
204,4e-06,1e-05,0.000409,0.014915,0.882071,0.102592,0.13082212279399075
205,0.000411,1.4e-05,4.6e-05,0.00015,0.335344,0.664035,0.1779740113507689
206,7e-06,1.9e-05,0.000384,0.006213,0.856558,0.136819,0.13409684383813592
207,0.000901,0.00098,0.000596,0.005005,0.237333,0.755186,0.18493664690311015
208,0.005343,0.004786,0.009344,0.028722,0.559326,0.392478,0.1511040665243013
209,0.0003,0.000263,0.004384,0.09146,0.66857,0.235023,0.13737515809713813
210,2.5e-05,5e-05,0.000277,0.000754,0.868161,0.130732,0.133871556804962
211,0.002155,0.003486,0.011366,0.047829,0.782114,0.153049,0.13110827889782256
212,0.001708,0.007455,0.022323,0.021616,0.78577,0.161128,0.13144770992506902
213,0.000182,0.004298,0.19719,0.634831,0.154602,0.008897,0.07072064834516611
214,0.00147,0.03511,0.510904,0.396773,0.054081,0.001662,0.04476224100643799
215,0.007589,0.01946,0.166122,0.577466,0.215468,0.013896,0.07292257082571908
216,0.002271,0.085327,0.497061,0.335144,0.071796,0.008401,0.04145170973189905
217,0.004453,0.017789,0.130015,0.391153,0.348392,0.108199,0.09492438855059743
218,0.001338,0.017146,0.185083,0.560646,0.209267,0.02652,0.07479760132986464
219,0.000267,0.002314,0.112151,0.706585,0.173565,0.005118,0.07576674056372243
220,0.000854,0.005831,0.142233,0.674433,0.167081,0.009567,0.0739705141314992
221,0.002246,0.015947,0.332985,0.516783,0.09414,0.037899,0.0628111021693911
222,0.000817,0.003221,0.169712,0.577196,0.23689,0.012165,0.07674807729928407
223,0.000386,0.012334,0.375556,0.579116,0.031636,0.000973,0.05328461388382629
224,0.002373,0.004161,0.131436,0.652822,0.208268,0.000941,0.07535813543150158
225,0.000192,0.009287,0.486544,0.443065,0.05905,0.001863,0.049459628045354316
226,0.00993,0.162055,0.544145,0.210363,0.064287,0.009221,0.02860179567906412
227,8.7e-05,0.005599,0.256617,0.559538,0.160493,0.017666,0.06900113968404693
228,0.001443,0.02316,0.256079,0.534518,0.174419,0.01038,0.06651665880821293
229,0.000902,0.002518,0.134035,0.769126,0.092859,0.000561,0.0697864975367558
230,0.031464,0.287363,0.487683,0.169156,0.022479,0.001855,0.01006172516556224
231,0.003075,0.072858,0.393658,0.469785,0.057807,0.002817,0.04657259515439391
232,0.000223,0.012685,0.531301,0.421412,0.030954,0.003425,0.04554659122555957
233,0.000694,0.022561,0.495162,0.420179,0.059325,0.002079,0.047462584854405604
234,0.014946,0.233787,0.595245,0.129186,0.023826,0.00301,0.014012497092020312
235,0.008664,0.109371,0.554286,0.267858,0.057298,0.002523,0.03302212946119823
236,0.002319,0.192632,0.765389,0.035249,0.004127,0.000283,0.010991558484483051
237,0.001474,0.049176,0.571691,0.318551,0.051647,0.007462,0.04069386131425858
238,0.009578,0.199432,0.660201,0.107055,0.022046,0.001689,0.015323933451409694
239,0.008866,0.158473,0.755641,0.065535,0.009841,0.001643,0.014542407189021929
240,0.007936,0.204777,0.668513,0.095591,0.020767,0.002415,0.01464490033765601
241,0.00159,0.129403,0.813964,0.049305,0.005336,0.000402,0.01584382331783938
242,0.005718,0.02835,0.310095,0.56408,0.087416,0.004341,0.05709063035122634
243,0.014077,0.150209,0.52252,0.227359,0.074482,0.011352,0.031045272754781205
244,0.029461,0.271654,0.665767,0.024816,0.006502,0.0018,0.00223301838560283
245,0.004576,0.193032,0.776319,0.023082,0.002728,0.000263,0.009869314253991254
246,0.011021,0.145209,0.803195,0.034861,0.004608,0.001106,0.012831629040344192
247,0.005005,0.171795,0.72167,0.08131,0.017904,0.002316,0.016041837378126398
248,0.003804,0.199418,0.786295,0.009104,0.001299,7.9e-05,0.008688260592372784
249,0.001346,0.172252,0.802163,0.022465,0.001678,9.6e-05,0.011437574618712231
250,0.007098,0.21076,0.760085,0.019258,0.002508,0.00029,0.00820532096831884
251,0.056656,0.543096,0.393974,0.003919,0.001946,0.000409,-0.02012020300277651
252,0.022909,0.278879,0.608067,0.069563,0.017766,0.002816,0.006376189629871249
253,0.009265,0.270792,0.690582,0.024784,0.004188,0.00039,0.004687408185825938
254,0.007097,0.242816,0.722223,0.024191,0.003386,0.000288,0.006583089136418878
255,0.001309,0.149679,0.828313,0.018826,0.001766,0.000107,0.0126508521235339
256,0.000973,0.136274,0.852214,0.010034,0.000489,1.7e-05,0.012921073275705408
257,0.001202,0.160216,0.830212,0.007961,0.000396,1.2e-05,0.011302571989615822
258,0.000666,0.146017,0.812606,0.038015,0.002549,0.000147,0.014043774362742734
259,0.001081,0.112923,0.860728,0.023135,0.002036,9.7e-05,0.015185552846504103
260,0.005512,0.201215,0.761299,0.028521,0.003213,0.000241,0.009558758783880227
261,0.001815,0.153152,0.804022,0.036567,0.004242,0.000201,0.01354970790339536
262,0.005008,0.129023,0.822751,0.036226,0.005763,0.001228,0.014898960507641562
263,0.003715,0.151145,0.756671,0.074819,0.012406,0.001244,0.01639846377109945
264,0.008937,0.209261,0.639966,0.108258,0.027728,0.00585,0.016226305180768483
265,0.0117,0.232375,0.670314,0.070772,0.013929,0.00091,0.01015530696328388
266,0.006174,0.219252,0.673786,0.086497,0.013446,0.000845,0.012502445935768923
267,0.003509,0.124425,0.821107,0.042314,0.008302,0.000342,0.015805616686233124
268,0.015946,0.261182,0.583205,0.115136,0.021768,0.002763,0.011208782870914905
269,0.00542,0.141375,0.795918,0.04828,0.008199,0.000808,0.014874655658905745
270,0.004933,0.194336,0.754736,0.040159,0.005402,0.000434,0.010922910847590605
271,0.018248,0.236267,0.628572,0.096597,0.017716,0.002601,0.011006742668791617
272,0.008155,0.139814,0.613547,0.211496,0.023435,0.003553,0.025051728267154506
273,0.014298,0.077678,0.33033,0.507383,0.066082,0.004227,0.0477091064430802
274,0.038345,0.21956,0.500281,0.199257,0.036932,0.005626,0.016958464223485924
275,0.060832,0.356384,0.550434,0.023793,0.006983,0.001574,-0.007514543702466616
276,0.008241,0.171576,0.732155,0.071822,0.013596,0.00261,0.01471548388081541
277,0.014477,0.338604,0.636421,0.008735,0.001601,0.000162,-0.001353606600944886
278,0.002604,0.273692,0.721507,0.002124,7e-05,3e-06,0.0038061389012774218
279,0.013417,0.132884,0.638091,0.162562,0.046959,0.006088,0.025075461695800026
280,0.029688,0.165147,0.538472,0.233453,0.030164,0.003075,0.022136168130619062
281,0.015653,0.007036,0.048746,0.804193,0.12165,0.002723,0.0725420921402498
282,0.007554,0.134556,0.566733,0.225371,0.062395,0.003391,0.030130300612787098
283,0.056246,0.295899,0.434843,0.148384,0.055791,0.008838,0.009608249645831277
284,0.01806,0.159949,0.456589,0.292768,0.068024,0.00461,0.031337168432316806
285,0.003118,0.011835,0.243864,0.629622,0.106846,0.004716,0.06391001342301779
286,0.000145,0.012961,0.460821,0.446786,0.076516,0.002771,0.051387242084805336
287,0.002319,0.064128,0.468786,0.405747,0.055315,0.003706,0.043827404566952465
288,0.002929,0.04698,0.311622,0.531923,0.097723,0.008823,0.056575763201934796
289,0.000676,0.004378,0.192877,0.659508,0.133564,0.008998,0.06978282912837927
290,0.001704,0.03658,0.207952,0.525041,0.208029,0.020694,0.07051431939094889
291,0.000197,0.003586,0.240088,0.594909,0.152971,0.008249,0.06841890760383168
292,4.3e-05,0.000808,0.045835,0.753226,0.157307,0.042781,0.08360036820956868
293,4.8e-05,0.000255,0.035682,0.758757,0.201714,0.003545,0.0812001818123131
294,0.002629,0.032122,0.267144,0.399008,0.205166,0.093931,0.07742188637306643
295,0.00097,0.002347,0.037438,0.259963,0.627987,0.071294,0.11138276835283865
296,0.000306,0.00111,0.030285,0.366528,0.539407,0.062366,0.1063311145063517
297,0.005152,0.063212,0.179093,0.179255,0.508232,0.065056,0.0894883646892002
298,0.0036,0.055927,0.515412,0.330412,0.09231,0.002339,0.04379665899540138
299,0.016754,0.231746,0.638053,0.081885,0.026451,0.005111,0.012098633170239292
300,0.012978,0.211515,0.647495,0.096742,0.026111,0.00516,0.014621376555064148
301,0.0008,0.003032,0.169264,0.760977,0.06534,0.000587,0.06653986027282605
302,0.000961,0.023554,0.252699,0.630573,0.090088,0.002124,0.06135632726363674
303,0.018747,0.400154,0.568775,0.010314,0.001852,0.000158,-0.005635445788527007
304,0.001647,0.072949,0.643235,0.237586,0.041529,0.003054,0.03318963364925399
305,0.000506,0.003159,0.317883,0.598835,0.079079,0.000538,0.05961804189967988
306,0.003141,0.112349,0.77073,0.092069,0.020461,0.00125,0.020573853461401555
307,0.036083,0.205509,0.495004,0.202425,0.051044,0.009934,0.020548865998639202
308,0.006465,0.17308,0.577547,0.207685,0.030935,0.004288,0.02396111329143138
309,0.000511,0.016632,0.392078,0.502141,0.084695,0.003943,0.055014516795027966
310,1.9e-05,0.000215,0.03203,0.694745,0.253744,0.019247,0.08613677729319882
311,0.000109,0.000264,0.013496,0.592534,0.362618,0.030979,0.0941627211848583
312,0.002425,0.133624,0.701422,0.135321,0.024843,0.002365,0.02225450817235147
313,0.000846,0.074858,0.83513,0.078638,0.008749,0.001778,0.02141062659752109
314,0.006148,0.159084,0.654533,0.152751,0.021708,0.005776,0.021366740763388237
315,0.00034,0.012427,0.182822,0.650597,0.144348,0.009466,0.07006803363636657
316,0.002189,0.087169,0.479386,0.38807,0.042355,0.00083,0.039664544344822375
317,0.00661,0.196811,0.642562,0.131727,0.021274,0.001016,0.01697838814345294
318,0.001406,0.14137,0.821199,0.031844,0.003989,0.000191,0.014060007021735543
319,0.000154,0.112487,0.871187,0.015312,0.000833,2.6e-05,0.014806240867292831
320,0.003152,0.132126,0.734592,0.105064,0.021171,0.003894,0.020590646256212083
321,0.009936,0.136173,0.752564,0.07781,0.020864,0.002654,0.017703298032252908
322,0.017329,0.295263,0.627966,0.0487,0.00957,0.001171,0.003955357603450037
323,0.008775,0.133756,0.691069,0.14302,0.021599,0.001779,0.02129067240954813
324,0.035318,0.17786,0.582649,0.147175,0.045232,0.011766,0.01925286795240075
325,0.012296,0.227635,0.740809,0.016431,0.002516,0.000314,0.006283474421971958
326,0.020718,0.176793,0.775186,0.022713,0.004012,0.000578,0.008717376320385373
327,0.016234,0.126567,0.800446,0.041656,0.011692,0.003405,0.01472622363005914
328,0.021879,0.323876,0.623487,0.024282,0.005812,0.000663,-0.00018921405448910357
329,0.005197,0.400259,0.594506,3.7e-05,1e-06,0.0,-0.004443666354065965
330,0.000496,0.144761,0.852758,0.001941,4.3e-05,1e-06,0.01200358586386644
331,0.000789,0.151071,0.842366,0.005535,0.000234,6e-06,0.011780136534484105
332,0.0084,0.178594,0.785606,0.022368,0.004543,0.000489,0.01039623015145619
333,0.027236,0.184446,0.762459,0.021345,0.002793,0.001722,0.007328401583094603
334,0.034194,0.34457,0.607273,0.012599,0.001211,0.000153,-0.004393960353306143
335,0.075986,0.459593,0.463308,0.000871,0.00018,6.1e-05,-0.018177466513275578
336,0.0277,0.522849,0.443063,0.005958,0.00038,5.1e-05,-0.014840885172514279
337,0.028972,0.447981,0.520316,0.002284,0.000405,4.3e-05,-0.010620172442247338
338,0.006737,0.447048,0.546175,3.9e-05,1e-06,0.0,-0.007534285033734467
339,0.000112,0.094774,0.89615,0.008584,0.000367,1.3e-05,0.015501965928832438
340,0.007593,0.205987,0.687952,0.081184,0.016059,0.001224,0.01317585762485079
341,0.039201,0.478778,0.468631,0.00989,0.003044,0.000456,-0.013239976657581044
342,0.001438,0.054035,0.777015,0.142322,0.018464,0.006726,0.02779255811258534
343,7.4e-05,0.046449,0.94995,0.003487,3.6e-05,3e-06,0.01817286570302775
344,0.006035,0.102576,0.833612,0.05147,0.005432,0.000875,0.017059538250323053
345,0.00057,0.111234,0.864058,0.022265,0.001796,7.6e-05,0.015289261063017812
346,0.003488,0.145457,0.66012,0.157067,0.031054,0.002815,0.02321491250039625
347,0.005377,0.203869,0.727755,0.05786,0.004342,0.000797,0.011145075960238653
348,0.000104,0.046457,0.860008,0.089255,0.004142,3.4e-05,0.02301200206511961
349,0.001514,0.061715,0.641929,0.256105,0.037804,0.000934,0.03407839642582449
350,0.006785,0.199553,0.697746,0.085352,0.009981,0.000584,0.013161136086002974
351,0.001102,0.125957,0.764581,0.090776,0.016584,0.001,0.019522721582166523
352,0.000874,0.054514,0.692748,0.218533,0.03228,0.001051,0.0321331002539064
353,0.005753,0.147622,0.821493,0.020649,0.004135,0.000349,0.012519737382782043
354,0.005317,0.181996,0.725289,0.075387,0.010698,0.001313,0.014143627120578666
355,0.003695,0.200963,0.751428,0.038761,0.004436,0.000718,0.010576047752479396
356,0.052289,0.418363,0.514918,0.012003,0.001966,0.000461,-0.011415094719521806
357,0.013029,0.185615,0.685763,0.089319,0.023166,0.003107,0.015138923335924724
358,0.007646,0.245137,0.733225,0.013123,0.000826,4.2e-05,0.005484329400581836
359,0.00741,0.417779,0.574334,0.000461,1.6e-05,0.0,-0.0058126312214498346
360,0.050339,0.424846,0.485876,0.030498,0.006992,0.00145,-0.009882758973574286
361,0.020006,0.323929,0.600552,0.045131,0.008917,0.001465,0.0016165787255065644
362,0.006189,0.147695,0.787102,0.049837,0.007621,0.001556,0.014536104096344198
363,0.023018,0.172123,0.577686,0.153505,0.061326,0.012342,0.023450199979245905
364,0.027749,0.272715,0.635208,0.047906,0.013631,0.002792,0.004516060734042508
365,0.017248,0.220219,0.633325,0.098372,0.025109,0.005727,0.01356064469561117
366,0.00358,0.187602,0.740991,0.060334,0.00718,0.000313,0.012728986696171304
367,0.006556,0.21443,0.735565,0.037898,0.005116,0.000435,0.009311910410488802
368,0.001799,0.129669,0.803346,0.057275,0.007303,0.000608,0.016447366063517224
369,0.000612,0.092121,0.802835,0.094515,0.009552,0.000366,0.021024278654165084
370,0.011277,0.102204,0.392261,0.377499,0.107204,0.009554,0.04514000639489538
371,0.005381,0.130967,0.672345,0.142379,0.045073,0.003855,0.02470140886568204
372,0.001349,0.139347,0.826889,0.029589,0.002705,0.000121,0.013931834321721867
373,0.004596,0.121359,0.863408,0.009912,0.000657,7e-05,0.013336153695409277
374,0.005661,0.084891,0.537593,0.327742,0.041173,0.002941,0.0364676447663851
375,0.010195,0.223096,0.709399,0.049249,0.007132,0.000929,0.009140108665773024
376,0.010959,0.181693,0.618949,0.145342,0.038452,0.004605,0.020403447703367713
377,0.012104,0.026873,0.277137,0.528447,0.144528,0.010912,0.06148606004158492
378,0.004215,0.33701,0.65761,0.001134,2.9e-05,1e-06,-0.00036407351209980464
379,0.135621,0.509694,0.336192,0.014198,0.003525,0.00077,-0.028655622508875128
380,0.018818,0.513055,0.465702,0.0022,0.000214,1.1e-05,-0.013182493589354362
381,0.00272,0.200324,0.793064,0.003629,0.00025,1.3e-05,0.008386866907517557
382,0.030007,0.419153,0.533142,0.013832,0.003424,0.000442,-0.008023345412849502
383,0.009891,0.296696,0.685056,0.007625,0.000678,5.4e-05,0.0017036910703169422
384,0.091449,0.523229,0.358243,0.021086,0.004947,0.001046,-0.0225899379385807
385,0.002158,0.15234,0.778631,0.057399,0.008779,0.000692,0.015178291760536205
386,0.019198,0.278169,0.647766,0.048802,0.005451,0.000615,0.004216373666656123
387,0.000539,0.100607,0.869902,0.025877,0.002928,0.000147,0.01626047052525271
388,0.002901,0.169436,0.7356,0.079696,0.01087,0.001497,0.01553454463210921
389,0.000618,0.043152,0.663719,0.252783,0.038036,0.001692,0.0353383897047741
390,0.001305,0.0918,0.805366,0.09363,0.007445,0.000455,0.020699795622782364
391,0.00066,0.138242,0.773096,0.082512,0.005263,0.000226,0.017105858920905152
392,0.000488,0.010602,0.349283,0.540511,0.098033,0.001083,0.05819924328834187
393,0.000553,0.081943,0.818019,0.085746,0.012895,0.000844,0.021635609705613814
394,0.001483,0.046849,0.637989,0.265722,0.045252,0.002705,0.036579485305956644
395,0.003425,0.172204,0.740566,0.068911,0.013479,0.001415,0.014985638643632263
396,0.002178,0.047168,0.442065,0.429812,0.076358,0.002419,0.04804166950959332
397,0.006824,0.211025,0.674649,0.089082,0.01594,0.002481,0.01360465838830831
398,0.039827,0.261352,0.5901,0.083852,0.021142,0.003727,0.006271136743855377
399,0.002502,0.1498,0.739918,0.092138,0.014461,0.001181,0.017745871814842037
400,0.000814,0.147522,0.824543,0.025221,0.001823,7.6e-05,0.013183736951368428
401,0.03248,0.389734,0.564526,0.011441,0.001605,0.000214,-0.006925714204975247
402,0.07517,0.553041,0.354756,0.011396,0.00489,0.000748,-0.022640246651116733
403,0.041246,0.424412,0.487405,0.040666,0.005363,0.000908,-0.008293263396851715
404,0.025908,0.40075,0.565836,0.006483,0.000876,0.000147,-0.006999746283155036
405,0.00484,0.21195,0.760194,0.020766,0.002101,0.000149,0.00846663761826121
406,0.000925,0.14637,0.834294,0.017045,0.001299,6.6e-05,0.012761824376829831
407,0.006968,0.153084,0.736456,0.083481,0.015341,0.00467,0.01719270095472898
408,0.004914,0.132011,0.761109,0.08741,0.012968,0.001588,0.018169468572478316
409,0.00869,0.187154,0.658142,0.119695,0.023552,0.002766,0.017208899615749368
410,0.012728,0.189322,0.601643,0.152482,0.039828,0.003998,0.020077732449716754
411,0.01635,0.441601,0.536845,0.004543,0.000603,5.7e-05,-0.008276822911897012
412,0.002887,0.147318,0.810139,0.035458,0.00391,0.000288,0.013678563950931935
413,0.004473,0.122064,0.535551,0.277295,0.053802,0.006816,0.03376860125148654
414,0.011742,0.400272,0.579289,0.007818,0.000829,4.9e-05,-0.004889959155658562
415,0.012256,0.261015,0.709042,0.015838,0.001714,0.000134,0.004096121575740392
416,0.01935,0.262624,0.644219,0.061956,0.010396,0.001456,0.006486932619050841
417,0.013548,0.150498,0.527439,0.251699,0.050993,0.005823,0.02893169832406548
418,0.008625,0.29251,0.695326,0.002707,0.000708,0.000124,0.0019049298680301548
419,0.000442,0.100591,0.877775,0.019851,0.001266,7.6e-05,0.01578184982035989
420,0.017812,0.312527,0.660534,0.008308,0.000728,9.1e-05,-0.0003577608602173421
421,0.109757,0.643343,0.216453,0.025921,0.004239,0.000287,-0.032549812752402166
422,0.010549,0.215201,0.701146,0.051507,0.018673,0.002924,0.011239409860161175
423,0.011917,0.649635,0.338322,8.4e-05,3.9e-05,2e-06,-0.020696230865921348
424,0.017686,0.298198,0.570515,0.076494,0.034256,0.002851,0.007991741380070196
425,0.001599,0.161628,0.786179,0.044911,0.005348,0.000335,0.013628677209926334
426,0.008291,0.195065,0.584243,0.172077,0.037297,0.003027,0.020933626549083012
427,0.060294,0.719174,0.220291,0.000224,1.5e-05,1e-06,-0.03190482331488327
428,0.022626,0.542152,0.433178,0.001629,0.000391,2.4e-05,-0.01552283655702212
429,0.107499,0.862018,0.030436,3.3e-05,1.3e-05,0.0,-0.047455617975821617
430,0.079535,0.912868,0.007597,0.0,0.0,0.0,-0.046560743369192505
431,0.046347,0.951822,0.001831,0.0,0.0,0.0,-0.04418296423659057
432,0.12321,0.625839,0.250678,0.000245,2.3e-05,5e-06,-0.03521463492061804
433,0.001212,0.184453,0.814138,0.000192,5e-06,1e-06,0.00937250577979822
434,0.097067,0.648227,0.248646,0.004845,0.001048,0.000167,-0.032460969873106024
435,0.068628,0.859952,0.07135,5.9e-05,1e-05,0.0,-0.04174483315361303
436,0.129253,0.845328,0.024795,0.000229,0.000386,1e-05,-0.04950642241575129
437,0.130467,0.837665,0.031835,2.3e-05,9e-06,0.0,-0.04926188905658645
438,0.118483,0.759527,0.120355,0.001079,0.000533,2.3e-05,-0.042636213541557465
439,0.023528,0.317148,0.577735,0.066226,0.014309,0.001054,0.0030887259276674247
440,0.005897,0.175913,0.730156,0.073879,0.013337,0.000818,0.014534036276878548
441,0.021022,0.303569,0.612338,0.053768,0.008712,0.000591,0.0029815347291114935
442,0.007,0.21257,0.730595,0.042847,0.006296,0.000693,0.009785609287727986
443,0.024805,0.486788,0.486934,0.001303,0.000161,9e-06,-0.012483472002012712
444,0.031737,0.301785,0.59807,0.053683,0.013026,0.001699,0.002193858233207774
445,0.019785,0.383263,0.579905,0.014343,0.002202,0.000502,-0.004441619629265252
446,0.081878,0.773678,0.142957,0.001058,0.00039,3.9e-05,-0.03825925022809298
447,0.000766,0.126871,0.797751,0.066652,0.007109,0.00085,0.01727529294704449
448,0.001518,0.150569,0.792696,0.04426,0.008595,0.002363,0.014992428868615739
449,0.003836,0.130644,0.604996,0.21752,0.040404,0.002601,0.02810429739824889
450,0.006521,0.211573,0.745011,0.033484,0.003117,0.000293,0.009034010460258729
451,0.062381,0.482621,0.420583,0.020477,0.011081,0.002857,-0.01499328043149927
452,0.027396,0.42641,0.50696,0.03449,0.004488,0.000256,-0.006954817865071045
453,0.004701,0.168264,0.776768,0.041612,0.007962,0.000694,0.012940038220890234
454,0.023734,0.51327,0.459667,0.002627,0.000628,7.5e-05,-0.013825559130572354
455,0.000916,0.164175,0.767493,0.060857,0.006031,0.000527,0.014497371648379628
456,0.000699,0.115406,0.856306,0.025563,0.001901,0.000126,0.015204792373642948
457,0.01964,0.29899,0.583338,0.080934,0.0158,0.001297,0.005715885560453594
458,0.058506,0.343916,0.523887,0.054018,0.016225,0.003449,-0.0035665185635957056
459,0.095815,0.51882,0.382175,0.002539,0.000613,3.6e-05,-0.024532285290959664
460,0.024705,0.454962,0.519453,0.000804,4.1e-05,3.5e-05,-0.01055041440832295
461,0.123526,0.654964,0.218348,0.002431,0.000658,7.3e-05,-0.03685609247416687
462,0.128374,0.69782,0.172602,0.000726,0.000372,0.000105,-0.04029191797067567
463,0.003612,0.179373,0.813316,0.003489,0.000193,1.7e-05,0.009531354728317802
464,0.081093,0.634903,0.280262,0.002569,0.001006,0.000167,-0.029471012676981823
465,0.21401,0.637755,0.097541,0.033165,0.016791,0.000738,-0.045440479610974006
466,0.087174,0.333346,0.483077,0.071429,0.018433,0.006542,-0.0053407650240480265
467,0.046972,0.130425,0.244413,0.424325,0.148054,0.00581,0.04418003871170531
468,0.000565,0.00943,0.437462,0.518104,0.033816,0.000623,0.05045226458982064
469,0.000493,0.000281,0.132258,0.720026,0.146445,0.000498,0.07292249915687916
470,0.020504,0.319875,0.5175,0.118212,0.021316,0.002594,0.007035493249839183
471,3.5e-05,0.001074,0.121528,0.80413,0.065418,0.007815,0.07033826940107679
472,1e-06,3.5e-05,0.011292,0.495661,0.449849,0.043162,0.10037884007628253
473,0.026882,0.122229,0.391252,0.010404,0.294029,0.155204,0.06882161170423035
474,0.000117,0.000157,0.008366,0.046473,0.693236,0.251651,0.14069041758277573
475,0.008415,0.019561,0.012442,0.006997,0.780188,0.172398,0.13050339850341416
476,0.000262,0.001537,0.048627,0.153408,0.698463,0.097703,0.11814065626606152
477,0.0001,0.000993,0.107917,0.192388,0.654807,0.043795,0.10576445626133905
478,0.003435,0.009245,0.056141,0.148037,0.473995,0.309147,0.13310282653109184
479,0.000346,0.001597,0.011845,0.234665,0.723243,0.028305,0.1120035176511993
480,0.00047,0.003692,0.009466,0.019069,0.671645,0.295658,0.1449461537718662
481,3.4e-05,0.000415,0.07239,0.78258,0.143501,0.001082,0.07600953568549543
482,0.00019,0.013204,0.450334,0.515789,0.017042,0.003442,0.04896135940478327
483,0.00191,0.033864,0.271992,0.510678,0.164874,0.016682,0.06475491340495443
484,8.6e-05,0.001145,0.079951,0.776512,0.138409,0.003897,0.07564474385229591
485,0.014541,0.241829,0.494548,0.202638,0.043031,0.003413,0.019400168273087912
486,0.001193,0.129637,0.790539,0.067273,0.010767,0.00059,0.01740236147688849
487,0.006445,0.071729,0.514276,0.373429,0.031161,0.00296,0.03849516503127654
488,0.006206,0.263073,0.636651,0.082644,0.01082,0.000607,0.009299242715554702
489,0.000925,0.009077,0.335542,0.571035,0.081526,0.001894,0.05826403610932346
490,7.9e-05,0.00164,0.27561,0.619738,0.102773,0.00016,0.06320290057952595
491,0.000984,0.005189,0.11225,0.737333,0.143108,0.001136,0.07321922955790887
492,0.034707,0.173152,0.410178,0.286548,0.077831,0.017585,0.03122011942133343
493,0.001109,0.009833,0.164,0.675026,0.146144,0.003889,0.07052681016729556
494,0.012922,0.115968,0.481199,0.277655,0.100428,0.011827,0.038643829643497295
495,0.006492,0.099704,0.341297,0.450564,0.095,0.006943,0.04801300531580795
496,0.06497,0.511051,0.391639,0.025369,0.006588,0.000385,-0.017773682355659397
497,0.001169,0.022351,0.530619,0.372042,0.071543,0.002276,0.04621370963198026
498,0.002678,0.014531,0.21766,0.608068,0.144912,0.01215,0.06796671047937099
499,0.013563,0.009659,0.09359,0.714053,0.164611,0.004525,0.07276570465569482
500,0.002418,0.083956,0.542225,0.315176,0.054122,0.002102,0.037512651966199795
501,0.001002,0.012094,0.382549,0.568236,0.035399,0.000721,0.05298865699184338
502,0.058446,0.275669,0.54104,0.110666,0.012388,0.001792,0.0028466727253392016
503,0.093919,0.464388,0.364805,0.059957,0.014102,0.00283,-0.016067097946397126
504,0.050347,0.503177,0.372244,0.055869,0.016808,0.001555,-0.01235750362901364
505,0.006929,0.052948,0.320878,0.472689,0.135745,0.010811,0.05684082857736423
506,0.001567,0.02458,0.543699,0.381283,0.048171,0.0007,0.04381364616180635
507,0.000442,0.108149,0.842562,0.043406,0.004961,0.00048,0.01698440079307365
508,0.001577,0.056203,0.761041,0.135521,0.028009,0.017648,0.030286652818585395
509,0.000594,0.00128,0.080803,0.471044,0.429224,0.017055,0.09200858010510077
510,0.002868,0.066742,0.53852,0.309292,0.07739,0.005188,0.04115166861664104
511,2.9e-05,0.00022,0.038613,0.602655,0.296139,0.062344,0.09370247341215993
512,0.002636,0.020338,0.087135,0.501846,0.307733,0.080311,0.09141179557192472
513,0.000406,0.004255,0.137751,0.674589,0.146838,0.036161,0.0769901472527672
514,0.000306,0.006029,0.105461,0.687397,0.187134,0.013673,0.07751583566253906
515,0.001428,0.028585,0.183017,0.5732,0.17994,0.03383,0.07308281489741059
