,y_Tp2_PriceChg_c0,y_Tp2_PriceChg_c1,y_Tp2_PriceChg_c2,y_Tp2_PriceChg_c3,y_Tp2_PriceChg_c4,y_Tp2_PriceChg_c5,pc_pred
0,0.001477,0.000148,0.80155,0.196795,2.4e-05,7e-06,-0.00023173656431741739
1,0.000958,4.3e-05,0.901888,0.097109,2e-06,0.0,-0.006446797814069876
2,0.003939,0.000334,0.869729,0.125972,1.9e-05,7e-06,-0.005088977432218728
3,0.000592,0.000171,0.621685,0.377394,0.000114,4.4e-05,0.01132478788045314
4,0.001648,0.000776,0.37701,0.610239,0.007656,0.002672,0.02724290784944107
5,0.000616,0.000367,0.347111,0.641487,0.007826,0.002593,0.0294143579116377
6,0.000435,0.000277,0.248805,0.719334,0.023469,0.00768,0.03724666650398501
7,0.000236,0.000127,0.326071,0.669187,0.003424,0.000956,0.03039566857024135
8,0.000152,0.000126,0.223588,0.767481,0.006648,0.002005,0.03721140042672963
9,8e-06,7e-06,0.106364,0.857659,0.030146,0.005816,0.046594981242297426
10,1e-06,2e-06,0.016976,0.810142,0.160342,0.012538,0.061324379964723195
11,0.000468,0.000606,0.090251,0.673819,0.18215,0.052706,0.06239593641257658
12,0.001417,0.000625,0.389632,0.596138,0.009635,0.002552,0.026630417561154186
13,0.000554,0.00033,0.196438,0.77751,0.01905,0.006118,0.04006412298597947
14,0.000192,8.2e-05,0.189855,0.79855,0.009294,0.002028,0.03951249819000905
15,8.6e-05,6.9e-05,0.080152,0.792136,0.105343,0.022214,0.05487031443929414
16,4.5e-05,7.5e-05,0.054127,0.473383,0.370477,0.101893,0.08239992173458331
17,0.002137,0.004171,0.091225,0.368161,0.471256,0.063051,0.08109033568340102
18,4e-06,1.1e-05,0.010693,0.061229,0.831346,0.096717,0.11406137282200787
19,0.0,0.0,0.004372,0.502401,0.4611,0.032127,0.08355119020445549
20,8e-06,6e-06,0.233337,0.76358,0.00248,0.00059,0.036219289608518446
21,7.8e-05,6e-05,0.2474,0.739561,0.01042,0.00248,0.03602718864118451
22,4e-05,2.2e-05,0.315814,0.682156,0.001549,0.000419,0.0309209915874738
23,0.000859,0.00027,0.690557,0.308051,0.000201,6.3e-05,0.006910076875333454
24,0.003168,0.000347,0.893246,0.103228,8e-06,3e-06,-0.006414415059749047
25,0.003051,0.000413,0.756599,0.239666,0.000211,6e-05,0.0022521805107033562
26,0.00496,0.000494,0.8545,0.139946,8.1e-05,1.9e-05,-0.0043621597118424765
27,0.001362,0.000444,0.664464,0.33312,0.000467,0.000143,0.008451433010723132
28,9.3e-05,1.9e-05,0.595402,0.40443,4.4e-05,1.2e-05,0.013105876232555201
29,0.012849,0.004483,0.714091,0.267035,0.001008,0.000534,0.0023487172411895854
30,0.00074,9.8e-05,0.777265,0.22187,2.1e-05,7e-06,0.0014659503203583374
31,0.005451,0.00058,0.853818,0.140077,5.5e-05,1.9e-05,-0.004437796720147789
32,0.000492,1.3e-05,0.944968,0.054527,0.0,0.0,-0.009065165277695677
33,0.017824,0.002321,0.910807,0.068782,0.000187,8e-05,-0.01090785554832325
34,0.004873,0.00065,0.976601,0.017871,4e-06,2e-06,-0.012087696641644113
35,0.013973,0.001959,0.926323,0.057584,0.000113,4.8e-05,-0.011025703036126117
36,0.003138,0.000347,0.935973,0.060525,1.2e-05,4e-06,-0.009106951784225771
37,0.005005,0.000638,0.933695,0.060632,2.2e-05,7e-06,-0.009401713862987873
38,0.002243,0.000187,0.949163,0.048405,2e-06,1e-06,-0.009727216644005582
39,0.003524,0.000529,0.827932,0.167888,0.000104,2.3e-05,-0.0023829465462025198
40,0.005207,0.00076,0.897382,0.096615,2.7e-05,1e-05,-0.007168235569343277
41,0.00785,0.000905,0.877507,0.113663,4.9e-05,2.6e-05,-0.00649141600259191
42,0.002366,0.000195,0.959456,0.037981,1e-06,1e-06,-0.010404845267488713
43,0.001833,9.2e-05,0.9531,0.044972,2e-06,0.0,-0.009874880188182522
44,0.005858,0.000722,0.882713,0.110628,6.1e-05,1.8e-05,-0.006370675143749769
45,0.004383,0.000609,0.924641,0.070356,8e-06,3e-06,-0.008694868308073804
46,0.004836,0.00095,0.780015,0.214083,7.6e-05,4e-05,0.0003024586208146502
47,0.00315,0.000818,0.746705,0.248972,0.000253,0.000101,0.0028020533024160407
48,0.00168,0.000354,0.71933,0.278401,0.000164,7.1e-05,0.0049042029852916745
49,0.002383,0.000271,0.838298,0.15903,1.4e-05,3e-06,-0.0027650063342057906
50,0.001676,0.000106,0.930521,0.067695,2e-06,1e-06,-0.008417138113181347
51,0.008003,0.001018,0.983085,0.007884,7e-06,3e-06,-0.01321594508842738
52,0.022499,0.004226,0.961979,0.011215,5.3e-05,2.9e-05,-0.015434112955443318
53,0.009014,0.001409,0.986219,0.003346,9e-06,3e-06,-0.013687273186453245
54,0.001384,6.5e-05,0.946823,0.051726,1e-06,0.0,-0.009379191316680515
55,0.012502,0.001678,0.981078,0.004722,1.2e-05,7e-06,-0.014141623217338837
56,0.003504,0.000492,0.979244,0.016756,3e-06,1e-06,-0.01194091259011682
57,0.004369,0.000401,0.97758,0.017649,1e-06,1e-06,-0.012005316553685879
58,0.004087,0.000287,0.986321,0.009302,3e-06,1e-06,-0.012480358746390046
59,0.010892,0.002345,0.86948,0.117069,0.00014,7.4e-05,-0.0068359379154784485
60,0.002163,0.000148,0.995253,0.002435,0.0,0.0,-0.01261635729914244
61,0.004736,0.00049,0.931254,0.063498,1.6e-05,5e-06,-0.009168684866197893
62,0.004068,0.000348,0.895037,0.100526,1.6e-05,5e-06,-0.006717636433036482
63,0.007455,0.001677,0.634594,0.355823,0.000292,0.000159,0.008851258680886523
64,6.7e-05,1e-05,0.519408,0.480501,1e-05,4e-06,0.01791047695241698
65,2.1e-05,1.5e-05,0.276379,0.718639,0.003607,0.001339,0.03365193788814829
66,0.00049,0.000306,0.354874,0.635111,0.006744,0.002475,0.028877469572532455
67,0.001025,0.000335,0.493323,0.503564,0.001343,0.00041,0.01943682942499463
68,8.4e-05,4.6e-05,0.383725,0.614866,0.001039,0.000239,0.026565042743781436
69,0.000434,9.3e-05,0.575233,0.423887,0.000279,7.4e-05,0.014318530076297032
70,0.000126,2.7e-05,0.393076,0.606012,0.000637,0.000122,0.02592953322917972
71,4.8e-05,3e-05,0.318655,0.678822,0.001915,0.000529,0.03077428077917733
72,2.5e-05,1.6e-05,0.294966,0.703587,0.001087,0.00032,0.0322015359985572
73,0.000904,0.000302,0.514614,0.48372,0.000298,0.000161,0.018027678441440247
74,0.002844,0.000484,0.825255,0.171389,1.8e-05,1e-05,-0.002069907719712715
75,0.002233,0.000229,0.938736,0.058801,1e-06,1e-06,-0.00907282243781219
76,0.005605,0.000847,0.840741,0.152707,7.3e-05,2.7e-05,-0.0036827456101221666
77,0.007656,0.000977,0.925674,0.065651,2.8e-05,1.3e-05,-0.009506957879118361
78,0.02746,0.007541,0.953298,0.011532,0.000133,3.6e-05,-0.016433534290163965
79,0.013193,0.002735,0.981058,0.002978,3e-05,6e-06,-0.014445946196200266
80,0.017899,0.006682,0.94911,0.026282,1.2e-05,1.5e-05,-0.014023326143245002
81,0.004467,0.000536,0.84436,0.150579,3.9e-05,1.9e-05,-0.003626196932173551
82,0.001858,0.00011,0.936211,0.061819,2e-06,1e-06,-0.008815757301482523
83,0.004775,0.000673,0.973384,0.021162,4e-06,3e-06,-0.011867082858511915
84,0.001549,8.8e-05,0.943042,0.055319,1e-06,1e-06,-0.009178612614226913
85,0.074078,0.067166,0.844066,0.013518,0.000756,0.000417,-0.028368230785193262
86,0.342667,0.185923,0.451402,0.011301,0.004516,0.004191,-0.07780815970575974
87,0.063146,0.05695,0.875214,0.00464,1.4e-05,3.6e-05,-0.02656098525675525
88,0.03059,0.008957,0.954613,0.005682,0.000121,3.7e-05,-0.017395074112100298
89,0.071569,0.064957,0.846331,0.016585,0.000351,0.000207,-0.02769427036310616
90,0.121779,0.118919,0.755374,0.003582,0.000253,9.4e-05,-0.040787050589706275
91,0.00798,0.001502,0.976122,0.01439,3e-06,2e-06,-0.012845011946702675
92,0.002487,6.9e-05,0.982097,0.015346,0.0,0.0,-0.011841906400427033
93,0.007337,0.000761,0.990717,0.001184,0.0,0.0,-0.01351885569127288
94,0.036472,0.011826,0.89975,0.051316,0.000379,0.000257,-0.015569219703266178
95,0.023795,0.004048,0.953533,0.018554,3.8e-05,3.2e-05,-0.015148784745823428
96,0.117996,0.074681,0.794516,0.012147,0.000292,0.000367,-0.035716863579140556
97,0.127584,0.100598,0.769467,0.002172,6e-05,0.000119,-0.04013839695584186
98,0.096373,0.058896,0.840669,0.003893,3e-05,0.000139,-0.03170023342542068
99,0.006558,0.001099,0.99158,0.000763,0.0,0.0,-0.01345955185876276
100,0.007324,0.000785,0.97554,0.016325,2.2e-05,4e-06,-0.01255905309744095
101,0.001093,1.7e-05,0.992772,0.006119,0.0,0.0,-0.012212981258936195
102,0.001993,0.001722,0.052378,0.306825,0.416078,0.221004,0.098097598256247
103,0.008757,0.000924,0.93879,0.051495,2.2e-05,1.1e-05,-0.010561353250770794
104,0.12863,0.11027,0.760229,0.000813,3.9e-05,1.9e-05,-0.04125565767976227
105,0.032074,0.007905,0.955716,0.004293,5e-06,6e-06,-0.017630542431015948
106,0.001322,0.000115,0.89338,0.105181,1e-06,1e-06,-0.005997301359129879
107,0.053818,0.016509,0.872244,0.05657,0.0004,0.000459,-0.018192468303580307
108,0.01228,0.001531,0.979403,0.00678,4e-06,3e-06,-0.013967343783776879
109,0.019802,0.004395,0.911604,0.064103,6.3e-05,3.3e-05,-0.011704995648006002
110,0.048733,0.016856,0.912729,0.02048,0.000805,0.000397,-0.019706460213478123
111,0.004249,0.000154,0.980993,0.014602,1e-06,1e-06,-0.01215809971105508
112,0.000784,7e-05,0.852492,0.146638,1.4e-05,3e-06,-0.00329236443601068
113,0.010808,0.002956,0.728319,0.257372,0.000408,0.000138,0.0020311757376758376
114,0.001194,0.000306,0.566359,0.431707,0.000317,0.000117,0.014693070488468941
115,0.000106,1e-05,0.720938,0.278937,6e-06,2e-06,0.005170352452833801
116,0.000752,6.5e-05,0.825123,0.174052,6e-06,1e-06,-0.001556671829216494
117,0.000277,8.2e-05,0.570304,0.428893,0.000355,8.8e-05,0.01467121724679542
118,0.000191,0.000165,0.260864,0.715386,0.019267,0.004127,0.03588705128413895
119,2.7e-05,1.4e-05,0.219963,0.776523,0.002694,0.000779,0.037093725499223296
120,1e-06,1e-06,0.205703,0.793259,0.000797,0.000239,0.03782027391446856
121,4.9e-05,5.7e-05,0.118936,0.853067,0.021333,0.006558,0.04530384814253192
122,0.0,0.0,0.066498,0.929519,0.00333,0.000653,0.04682304824372888
123,4.1e-05,2.9e-05,0.248433,0.747192,0.003121,0.001183,0.03536242245699198
124,4.4e-05,1.7e-05,0.367775,0.63178,0.000314,7e-05,0.027520290143582114
125,7.5e-05,3.7e-05,0.389004,0.609269,0.001321,0.000294,0.026259066695790204
126,7.5e-05,3.2e-05,0.440786,0.558754,0.000278,7.6e-05,0.022897515968647152
127,6e-06,3e-06,0.291496,0.707924,0.000452,0.000119,0.03236357767791869
128,4.7e-05,2e-05,0.409866,0.589725,0.000287,5.6e-05,0.02485692539636857
129,5.3e-05,2.7e-05,0.325583,0.672868,0.001188,0.000282,0.03026196337725571
130,1.9e-05,1e-05,0.318043,0.680011,0.001465,0.000452,0.0307847676576782
131,0.000272,4.8e-05,0.648589,0.350982,9.1e-05,1.7e-05,0.009707070409966975
132,0.001015,5.3e-05,0.869954,0.12897,6e-06,1e-06,-0.004442693640942027
133,0.003762,0.000482,0.830713,0.164922,9.9e-05,2.3e-05,-0.0026021928487402015
134,0.003358,0.00038,0.843566,0.152655,3.1e-05,1.1e-05,-0.0033187991417838137
135,0.002272,0.000264,0.863027,0.134422,1.1e-05,3e-06,-0.004302836350089448
136,2.2e-05,5e-06,0.487358,0.512561,4.6e-05,8e-06,0.019948225638177268
137,0.000143,4.7e-05,0.549488,0.450097,0.000183,4.2e-05,0.01600382949037899
138,0.000166,1.1e-05,0.741944,0.257874,4e-06,1e-06,0.0038302807976161443
139,0.00167,0.00016,0.775535,0.222547,7e-05,1.7e-05,0.0013729730800034225
140,0.000819,0.0001,0.711354,0.287655,5.5e-05,1.8e-05,0.005616138098248322
141,0.000407,7.5e-05,0.652644,0.346707,0.000139,2.7e-05,0.009422398196144937
142,0.000185,4.8e-05,0.636948,0.362759,4.5e-05,1.5e-05,0.010457786974853257
143,0.001417,0.000141,0.809824,0.18859,2.3e-05,6e-06,-0.0007408367280534884
144,0.000157,1.4e-05,0.700009,0.29979,2.4e-05,5e-06,0.006482584590030959
145,0.000643,0.000233,0.563937,0.434804,0.00028,0.000103,0.014969940277465364
146,7.6e-05,3e-06,0.796942,0.202979,0.0,0.0,0.0003757826018433424
147,0.000742,0.000213,0.623106,0.375247,0.000539,0.000153,0.011236257712956858
148,0.007066,0.001156,0.82801,0.163668,7.5e-05,2.5e-05,-0.0032349476932034015
149,0.000466,7.1e-05,0.74242,0.257009,2.7e-05,7e-06,0.0037297002995072023
150,0.005831,0.000638,0.878716,0.11477,3.2e-05,1.2e-05,-0.006102290224353218
151,0.000192,2.2e-05,0.659247,0.34051,2.3e-05,5e-06,0.009048966296155566
152,0.000274,2.7e-05,0.724994,0.274678,2.2e-05,5e-06,0.004877362969507764
153,0.000226,5e-06,0.929983,0.069786,0.0,0.0,-0.008060947801285724
154,0.001025,7.7e-05,0.830156,0.168737,4e-06,1e-06,-0.001934354490985891
155,0.000651,7.1e-05,0.791886,0.207378,1.2e-05,3e-06,0.0005642176596994739
156,0.000751,6.1e-05,0.839845,0.159341,2e-06,1e-06,-0.0024860463273178356
157,0.003362,0.000393,0.929003,0.067237,3e-06,2e-06,-0.008721811452867738
158,0.00205,0.000209,0.904239,0.093496,5e-06,2e-06,-0.006851361599629696
159,0.008761,0.001412,0.937106,0.052668,3.6e-05,1.6e-05,-0.0105283651523398
160,0.001633,9.1e-05,0.952092,0.046182,1e-06,0.0,-0.009768744450666944
161,0.002401,0.000193,0.925166,0.072229,1e-05,2e-06,-0.008245002928267811
162,0.00452,0.000338,0.953777,0.041354,1e-05,2e-06,-0.010523347954515636
163,0.009151,0.001742,0.860216,0.128748,0.000109,3.4e-05,-0.005796892343030001
164,0.006928,0.001186,0.78878,0.202825,0.000215,6.6e-05,-0.0007184262375053696
165,0.000581,0.000187,0.598577,0.400152,0.000398,0.000105,0.012809496004898743
166,0.000452,0.000231,0.384034,0.610062,0.004032,0.001188,0.026737176895470848
167,0.001468,0.000559,0.559917,0.435905,0.001639,0.000511,0.015132232137024821
168,0.000665,0.000183,0.62932,0.369404,0.000332,9.7e-05,0.01084510184526401
169,0.00194,0.000625,0.703926,0.292811,0.00055,0.000148,0.005814458247381042
170,0.000141,7e-06,0.874198,0.125651,2e-06,0.0,-0.004519039749166397
171,0.000746,3.5e-05,0.939265,0.059953,0.0,0.0,-0.008762083427764546
172,0.003178,0.000348,0.91816,0.078305,6e-06,2e-06,-0.007990877453660146
173,0.000815,2.7e-05,0.979979,0.019179,0.0,0.0,-0.011347478063713376
174,0.003469,0.000196,0.96517,0.031158,5e-06,2e-06,-0.010999268435714164
175,0.002705,0.000176,0.947922,0.049195,1e-06,1e-06,-0.009745138103834495
176,0.00348,0.000154,0.941234,0.055102,2.5e-05,5e-06,-0.009481496396341367
177,0.005638,0.000435,0.990424,0.003502,1e-06,1e-06,-0.013090704586923383
178,0.007125,0.001509,0.984947,0.006415,2e-06,2e-06,-0.013222463127049345
179,0.001803,0.000139,0.95287,0.045188,1e-06,0.0,-0.009861084806265748
180,0.003181,0.000402,0.893948,0.102452,1.3e-05,5e-06,-0.0064692629291502645
181,0.003509,0.000283,0.902206,0.093989,8e-06,4e-06,-0.007042921609194467
182,0.002555,0.000168,0.941068,0.056205,3e-06,1e-06,-0.009279029668723406
183,0.001001,4e-05,0.913576,0.085383,1e-06,0.0,-0.007193836003772098
184,0.000958,0.000101,0.783312,0.215593,2.7e-05,9e-06,0.0010378603228559033
185,0.001171,0.000142,0.680215,0.318448,1.7e-05,7e-06,0.007498642357700043
186,7.9e-05,1.3e-05,0.6068,0.393047,5.2e-05,9e-06,0.01238987763054408
187,0.000386,7.2e-05,0.582658,0.416697,0.00015,3.8e-05,0.013850590714876107
188,0.001643,0.000381,0.747865,0.249938,0.000127,4.6e-05,0.003100129292978521
189,0.01331,0.0022,0.820956,0.163264,0.000183,8.7e-05,-0.004256562898718555
190,0.001654,0.000102,0.912274,0.085962,6e-06,3e-06,-0.007258666446735939
191,0.003193,0.00036,0.902984,0.09345,9e-06,4e-06,-0.007036689140631056
192,0.00795,0.00046,0.982688,0.008897,3e-06,2e-06,-0.013095386246724941
193,0.010096,0.001877,0.981136,0.006887,3e-06,2e-06,-0.01366679639489261
194,0.005746,0.000502,0.991711,0.002041,0.0,0.0,-0.01320527512004621
195,0.012603,0.00172,0.982825,0.002839,7e-06,6e-06,-0.014280133787412455
196,0.019832,0.004359,0.953667,0.022121,8e-06,1.2e-05,-0.014369073161277363
197,0.005098,0.002186,0.682609,0.307741,0.001797,0.000568,0.006382117971980674
198,0.011525,0.010607,0.54738,0.418295,0.007341,0.004852,0.01312063345127354
199,0.000752,0.000321,0.486907,0.510995,0.000783,0.00024,0.019847157043253728
200,0.00712,0.001123,0.847986,0.143693,6.1e-05,1.8e-05,-0.004504962866236997
201,0.000142,5.2e-05,0.512706,0.486832,0.000209,5.9e-05,0.018330492459557073
202,2.1e-05,9e-06,0.307048,0.691642,0.000982,0.000298,0.031430954636215966
203,0.0,0.0,0.215928,0.783734,0.000302,3.6e-05,0.03712030479282691
204,0.000158,0.000129,0.012143,0.523746,0.315983,0.14784,0.086677552867363
205,0.000524,0.000318,0.0082,0.002933,0.639397,0.348629,0.1299826673095605
206,0.000258,0.000206,0.139153,0.817382,0.033081,0.00992,0.04508756797451618
207,4.9e-05,4.9e-05,0.002436,0.089005,0.758542,0.149919,0.11586617319054524
208,1.1e-05,1.3e-05,0.001614,0.021205,0.782437,0.19472,0.12247486682886705
209,1.2e-05,2e-05,0.03532,0.797064,0.141769,0.025815,0.06045861032913347
210,1.9e-05,2.6e-05,0.003728,0.128339,0.725138,0.142749,0.11285514175653223
211,0.00012,0.000168,0.019539,0.406485,0.497285,0.076403,0.08981273577385157
212,0.0,0.0,0.124474,0.871971,0.003066,0.000489,0.04312526435421009
213,0.000259,0.000229,0.247053,0.738825,0.010438,0.003195,0.03606632309790064
214,3.3e-05,1.9e-05,0.296686,0.701497,0.001421,0.000344,0.03211472744693671
215,0.000118,7.9e-05,0.312052,0.680938,0.005137,0.001677,0.03150384789617286
216,1.5e-05,1.1e-05,0.245033,0.751678,0.002521,0.000741,0.03549759594658416
217,4.6e-05,3.4e-05,0.201932,0.789428,0.00664,0.001921,0.038606026836514616
218,1.3e-05,9e-06,0.255834,0.741712,0.001919,0.000513,0.03475201073643773
219,2.5e-05,2.1e-05,0.203367,0.791265,0.00422,0.001101,0.03827511345827165
220,3e-06,3e-06,0.163108,0.835028,0.00151,0.000349,0.04056838657081022
221,5e-06,3e-06,0.220734,0.778276,0.000858,0.000124,0.036860593169931816
222,0.000118,5.1e-05,0.281608,0.714468,0.003119,0.000636,0.03318569068656748
223,0.000132,0.000134,0.180091,0.795845,0.019001,0.004795,0.04106461283090133
224,9e-06,7e-06,0.213326,0.784374,0.001861,0.000422,0.037424588813618896
225,6.5e-05,4.9e-05,0.278736,0.716262,0.003662,0.001227,0.03347959282255631
226,4.8e-05,2.1e-05,0.347681,0.651525,0.000594,0.00013,0.028812817229035045
227,1.1e-05,5e-06,0.320731,0.678499,0.000607,0.000148,0.030528552436641463
228,6e-06,3e-06,0.265622,0.733565,0.000638,0.000165,0.03401512126266002
229,4.6e-05,2.9e-05,0.264939,0.730063,0.003953,0.000971,0.03434821155324333
230,4.2e-05,1.5e-05,0.374929,0.624715,0.00024,5.8e-05,0.0270629475060078
231,0.000212,0.000154,0.382938,0.614125,0.001784,0.000788,0.02668047296184075
232,2.2e-05,1.2e-05,0.225175,0.772765,0.001669,0.000357,0.03665302913003596
233,7e-05,7.1e-05,0.233093,0.755384,0.008554,0.002828,0.03685068649733193
234,0.000401,0.000117,0.570989,0.427983,0.000405,0.000105,0.014601518690232808
235,4.2e-05,2.7e-05,0.301337,0.695409,0.00241,0.000775,0.031929292224020196
236,0.002302,0.000417,0.749581,0.247334,0.000259,0.000106,0.0028617662527217805
237,2.3e-05,1.2e-05,0.277525,0.720541,0.001559,0.000339,0.03333658912120705
238,0.000681,0.000565,0.286475,0.688657,0.016999,0.006624,0.03423914191280173
239,0.00444,0.000568,0.787027,0.207849,8.8e-05,2.8e-05,7.314471705240865e-07
240,5.6e-05,2.7e-05,0.338167,0.660985,0.000625,0.000139,0.029414234430017748
241,1.5e-05,4e-06,0.424677,0.575261,3.6e-05,7e-06,0.023908879510207846
242,0.00062,0.000297,0.415422,0.577684,0.004627,0.00135,0.024764934253012683
243,0.000659,0.000205,0.576694,0.421776,0.000509,0.000157,0.014185586081545154
244,0.003218,0.001055,0.608927,0.385797,0.000713,0.00029,0.011506239601128863
245,0.003251,0.000638,0.699926,0.295822,0.000263,0.0001,0.005763719395817713
246,0.010595,0.002319,0.743734,0.242325,0.000797,0.000228,0.0012338840185449904
247,0.003463,0.000576,0.758664,0.237109,0.000142,4.6e-05,0.002003747759135566
248,0.001607,0.000129,0.885887,0.112371,4e-06,1e-06,-0.005586301327374832
249,0.004464,0.00053,0.849451,0.14551,3.3e-05,1.1e-05,-0.003947597215123316
250,0.000643,5e-05,0.800241,0.199051,1.2e-05,4e-06,4.139532976586046e-05
251,0.00162,9.8e-05,0.877272,0.121004,4e-06,1e-06,-0.005040115577724243
252,9.7e-05,8e-06,0.693102,0.306774,1.7e-05,3e-06,0.006931973679458538
253,0.000947,0.000142,0.747372,0.251491,3.6e-05,1.2e-05,0.0033053360009953846
254,0.005255,0.000775,0.794337,0.199548,6e-05,2.5e-05,-0.0006672384849664011
255,0.002983,0.00039,0.78856,0.207954,8.9e-05,2.5e-05,0.0002393189050117082
256,0.004853,0.000629,0.817946,0.176499,5.2e-05,2.2e-05,-0.002052192979892968
257,0.000408,7.2e-05,0.699464,0.299897,0.00013,2.9e-05,0.006464562406546713
258,0.000114,1.5e-05,0.655435,0.3444,3e-05,6e-06,0.009307979198483297
259,0.007143,0.001286,0.815535,0.175825,0.000153,5.8e-05,-0.002474202980210307
260,0.00889,0.001541,0.829596,0.159721,0.00019,6.2e-05,-0.0037684351824049055
261,0.004558,0.00054,0.842266,0.152577,4.7e-05,1.3e-05,-0.0035139056536827285
262,0.003118,0.000532,0.679813,0.315942,0.000447,0.000148,0.007095717939435352
263,0.001185,0.000372,0.651919,0.34603,0.000391,0.000104,0.009283182529740483
264,0.001235,0.000524,0.529353,0.466322,0.001922,0.000645,0.017150933768262436
265,0.000477,0.00022,0.499171,0.498296,0.001362,0.000474,0.019209301920808663
266,0.000117,1.3e-05,0.598676,0.401143,4.3e-05,7e-06,0.012894197758739762
267,0.00117,0.000232,0.738561,0.259824,0.000164,5e-05,0.0038135583031812417
268,0.000194,3.2e-05,0.629588,0.370089,8.1e-05,1.6e-05,0.010925677415739755
269,0.000321,5.5e-05,0.625796,0.373656,0.000138,3.4e-05,0.011140499260614677
270,0.001934,0.000454,0.748052,0.249226,0.000266,6.7e-05,0.003026789128123757
271,0.003678,0.000498,0.775755,0.21988,0.000151,3.9e-05,0.0008901757826019097
272,0.005487,0.000708,0.878335,0.115433,2.6e-05,1.1e-05,-0.006016406253960408
273,0.005317,0.001147,0.751868,0.241199,0.000339,0.00013,0.001975723842331025
274,0.002669,0.000449,0.738247,0.258324,0.000242,6.8e-05,0.003489832099459128
275,0.000136,3.6e-05,0.502521,0.497047,0.000199,6.1e-05,0.018977195043495824
276,0.003803,0.000469,0.869622,0.126074,2.3e-05,9e-06,-0.005073399366510502
277,0.003145,0.000364,0.874973,0.121503,1.1e-05,4e-06,-0.0052574495218955805
278,0.001634,0.000113,0.869526,0.128716,8e-06,2e-06,-0.004555647311230254
279,0.000976,3.6e-05,0.87241,0.126572,5e-06,1e-06,-0.004587020690139368
280,0.002946,0.000351,0.876826,0.119854,1.8e-05,5e-06,-0.005329821279187642
281,0.000559,5.5e-05,0.72704,0.2723,3.9e-05,9e-06,0.0046851244789990615
282,0.000322,0.000104,0.636888,0.362476,0.000172,3.8e-05,0.010434760034242645
283,8.9e-05,4e-05,0.311698,0.686651,0.001236,0.000287,0.031133157837019757
284,0.001043,0.000528,0.367302,0.625832,0.003998,0.001297,0.02763403066526598
285,2.5e-05,2e-05,0.226205,0.770484,0.00263,0.000636,0.03667881052178302
286,4.2e-05,4.6e-05,0.240699,0.746583,0.009675,0.002955,0.036465831062117954
287,3.8e-05,2.8e-05,0.239695,0.757457,0.002208,0.000574,0.035788701953165816
288,2.2e-05,4e-06,0.268785,0.730714,0.000437,3.8e-05,0.03378474091891717
289,0.000479,0.000221,0.285024,0.703521,0.00882,0.001934,0.03337752964169658
290,0.000716,0.000437,0.285445,0.694094,0.015227,0.004081,0.033918159387937824
291,0.000128,4.8e-05,0.343386,0.652578,0.003052,0.000809,0.029296432062669787
292,8e-06,4e-06,0.174376,0.823707,0.001581,0.000323,0.03985686755743956
293,8.7e-05,9.5e-05,0.168996,0.81416,0.012419,0.004243,0.04129827691181124
294,5.3e-05,3.3e-05,0.266416,0.728677,0.003884,0.000937,0.03424454493226331
295,5.5e-05,7.1e-05,0.190634,0.785657,0.018898,0.004685,0.04040564206008912
296,7e-06,4e-06,0.24729,0.750982,0.001495,0.000221,0.03523393697655375
297,0.000134,6.8e-05,0.373017,0.623643,0.002387,0.000751,0.027371159065167915
298,0.000446,0.000378,0.337252,0.651448,0.007614,0.002862,0.03008808079105744
299,0.000903,0.000115,0.671286,0.32749,0.000169,3.7e-05,0.008136667272714362
300,0.000226,2.1e-05,0.721031,0.278714,7e-06,1e-06,0.005137390407726618
301,0.000354,0.000151,0.503222,0.495502,0.000595,0.000176,0.018907490627403628
302,0.000425,0.000154,0.477153,0.521072,0.000917,0.000278,0.02057082439018631
303,0.001931,0.000443,0.690021,0.307139,0.000344,0.000123,0.0067064664400595855
304,0.000376,9.9e-05,0.649182,0.350198,0.000118,2.7e-05,0.009642739679960093
305,1e-06,1e-06,0.261806,0.737701,0.000391,0.0001,0.03423452943314208
306,0.000584,5e-05,0.701036,0.29829,3.2e-05,9e-06,0.0063228487448900896
307,1.5e-05,8e-06,0.367073,0.632677,0.000176,5e-05,0.027561029866362576
308,0.000972,0.00073,0.315616,0.66575,0.012542,0.00439,0.031776337657366024
309,4.4e-05,4e-05,0.190483,0.78459,0.01939,0.005453,0.040539649506601765
310,2e-06,2e-06,0.203869,0.792982,0.002626,0.000518,0.03808393825509922
311,2.2e-05,1.9e-05,0.218286,0.77768,0.003075,0.000918,0.037239897319203845
312,4.2e-05,3.2e-05,0.242656,0.751781,0.004428,0.001061,0.035796702471216045
313,2.1e-05,1.8e-05,0.184674,0.809645,0.004376,0.001266,0.039485814308995816
314,1.5e-05,5e-06,0.281583,0.717768,0.000548,8.1e-05,0.032989492388317936
315,0.000679,0.000291,0.290287,0.695929,0.010343,0.00247,0.03314947710200855
316,2.5e-05,1.4e-05,0.214913,0.78249,0.002102,0.000456,0.03733915324219772
317,2.3e-05,2.6e-05,0.15432,0.833288,0.009416,0.002927,0.041910042158121746
318,0.000408,0.000244,0.358986,0.630891,0.007334,0.002138,0.02864454050103995
319,3.1e-05,1.3e-05,0.330504,0.668618,0.000715,0.000119,0.029909319968220438
320,9e-06,5e-06,0.287375,0.711153,0.001137,0.00032,0.03268923948737451
321,0.002693,0.0023,0.405849,0.576404,0.008726,0.004029,0.02518889937032775
322,0.00805,0.001457,0.786792,0.203473,0.000164,6.3e-05,-0.0008752741816703427
323,0.006859,0.001266,0.739962,0.251304,0.000476,0.000133,0.002392251746066262
324,0.000981,4.5e-05,0.84993,0.149038,6e-06,1e-06,-0.0031691923762302635
325,0.002412,0.00016,0.937495,0.059928,4e-06,1e-06,-0.009021739993604533
326,0.001963,0.000126,0.958055,0.039855,1e-06,0.0,-0.010220613556237265
327,0.001987,0.000141,0.877211,0.12065,9e-06,3e-06,-0.00511988528606258
328,0.000742,2.9e-05,0.948562,0.050667,0.0,0.0,-0.009347598371916599
329,0.000824,3.5e-05,0.978228,0.020913,0.0,0.0,-0.011239981261219481
330,0.007716,0.001913,0.849221,0.140829,0.000198,0.000122,-0.0048087406265564115
331,0.010745,0.002175,0.9431,0.04396,9e-06,1.2e-05,-0.011445109510524536
332,0.003237,0.000195,0.99456,0.002008,0.0,0.0,-0.012807177856837998
333,0.006073,0.000458,0.957214,0.036236,1.5e-05,4e-06,-0.01108717702689236
334,0.0041,0.000405,0.979142,0.01635,2e-06,1e-06,-0.012047600055850032
335,0.005362,0.000532,0.979219,0.014885,1e-06,1e-06,-0.012339137693010368
336,0.013524,0.001894,0.920101,0.064337,9.2e-05,5.1e-05,-0.010528720309932994
337,0.006739,0.000885,0.925752,0.066584,2.2e-05,1.7e-05,-0.00930360676456456
338,0.00749,0.003167,0.665966,0.320152,0.002346,0.000878,0.006847826380417234
339,0.000276,0.000125,0.351146,0.644528,0.002948,0.000978,0.02877544161507096
340,1.1e-05,6e-06,0.291635,0.707174,0.000975,0.000199,0.03239568996692816
341,0.000298,5.3e-05,0.63764,0.361919,6.9e-05,2.1e-05,0.010391580844555572
342,0.001378,6.6e-05,0.950597,0.047958,1e-06,0.0,-0.009616437497441057
343,0.00218,0.000164,0.877433,0.120216,5e-06,3e-06,-0.005178539864596682
344,0.001016,6.2e-05,0.846855,0.152057,7e-06,2e-06,-0.002984852418366721
345,0.00016,4.4e-05,0.540576,0.459081,0.000107,3.2e-05,0.016557703685570628
346,0.0,0.0,0.213677,0.786282,3.7e-05,4e-06,0.03724197591876219
347,8e-05,6.6e-05,0.260842,0.732725,0.004825,0.001463,0.03470506761623277
348,1e-06,0.0,0.219643,0.77956,0.000641,0.000155,0.036920407710236344
349,1.7e-05,1.1e-05,0.301594,0.695255,0.002322,0.0008,0.0319178980994506
350,5.4e-05,2.8e-05,0.322346,0.675308,0.001728,0.000536,0.0305290132437544
351,0.000409,8.8e-05,0.642399,0.356956,0.000116,3.3e-05,0.010066516355304301
352,0.003627,0.000355,0.837719,0.158243,4.4e-05,1.3e-05,-0.003001564489640319
353,0.002412,0.000205,0.795938,0.20141,2.5e-05,1e-05,-8.35787678816609e-05
354,0.004373,0.000554,0.802223,0.192803,2.9e-05,1.9e-05,-0.0009476650335979017
355,0.00266,0.000248,0.941057,0.056029,4e-06,2e-06,-0.009312534482874614
356,0.004652,0.000673,0.928534,0.066126,9e-06,5e-06,-0.009007257276422589
357,0.005895,0.001041,0.786812,0.205987,0.00019,7.4e-05,-0.0003540292029971404
358,0.000646,0.00013,0.667244,0.33178,0.000159,4.1e-05,0.008443992030902
359,0.001967,0.000214,0.885606,0.112194,1.7e-05,3e-06,-0.005656547429570883
360,0.00162,0.000154,0.938091,0.060132,3e-06,1e-06,-0.008890712314266684
361,0.003271,0.000222,0.966364,0.03014,2e-06,1e-06,-0.01103699850907866
362,0.00941,0.001465,0.962613,0.026454,4.1e-05,1.7e-05,-0.012284771767798974
363,0.002574,0.000327,0.810817,0.186217,5.4e-05,1.2e-05,-0.0010742260404073736
364,0.00533,0.00079,0.853529,0.140286,5e-05,1.5e-05,-0.004426519592908113
365,0.002046,0.000165,0.778069,0.219576,0.000112,3e-05,0.0011365701205380233
366,0.00024,0.000128,0.36875,0.627768,0.002402,0.000711,0.027605596617461935
367,1.6e-05,5e-06,0.41824,0.581566,0.000149,2.4e-05,0.024324293826166958
368,0.000183,9e-05,0.364431,0.633393,0.001533,0.00037,0.027802576879062256
369,9.4e-05,3.5e-05,0.3057,0.691578,0.00208,0.000513,0.03159100245006208
370,0.000111,4e-05,0.336612,0.661374,0.001531,0.000332,0.029578451018871438
371,0.000142,3.7e-05,0.388117,0.610946,0.000653,0.000106,0.02623718719295604
372,0.000259,3.9e-05,0.629794,0.36973,0.000146,3.1e-05,0.010903618056772145
373,0.003073,0.000727,0.671751,0.323629,0.000646,0.000174,0.007600622698116924
374,0.014925,0.003742,0.628591,0.347813,0.003092,0.001836,0.007701607984996274
375,0.001011,5.8e-05,0.826208,0.172709,1.1e-05,3e-06,-0.0016784272184370275
376,0.003895,0.000291,0.895056,0.10075,6e-06,3e-06,-0.006674356192684086
377,0.000395,7.3e-05,0.552111,0.447098,0.000233,9e-05,0.015789368684977146
378,0.010076,0.001525,0.920011,0.068342,2.8e-05,1.8e-05,-0.00974436737853806
379,0.016019,0.003676,0.802401,0.177038,0.000573,0.000294,-0.003833936302797329
380,0.001203,9.1e-05,0.933872,0.064831,2e-06,0.0,-0.008526567477585376
381,0.00148,0.000133,0.797667,0.200697,2e-05,4e-06,1.4613187098897651e-05
382,0.008151,0.00119,0.815183,0.175124,0.000277,7.6e-05,-0.0026409520327913996
383,0.002734,0.000321,0.860137,0.136792,1.2e-05,5e-06,-0.004226392872977986
384,0.003144,0.000404,0.882258,0.114169,1.8e-05,6e-06,-0.005722900773807511
385,0.007736,0.001923,0.710619,0.278069,0.001275,0.000378,0.004039057913809023
386,0.000225,0.0001,0.47538,0.52351,0.000573,0.000212,0.02070404867559679
387,0.000224,9e-05,0.504066,0.495084,0.000403,0.000133,0.018873868622051395
388,6.2e-05,2.3e-05,0.437184,0.562376,0.000272,8.3e-05,0.023129534360224066
389,0.000182,0.00013,0.290216,0.70039,0.006798,0.002284,0.033036146922251465
390,2.3e-05,1.3e-05,0.269782,0.72886,0.001067,0.000256,0.03378492994291592
391,5e-06,4e-06,0.166668,0.830002,0.002695,0.000625,0.04044950310609304
392,9.1e-05,8.2e-05,0.288037,0.700751,0.008152,0.002887,0.03335446232303855
393,0.000354,9.4e-05,0.361791,0.635135,0.002138,0.000488,0.02798442839742993
394,0.000315,0.000122,0.533664,0.465154,0.000575,0.000171,0.016995238043813504
395,0.001119,0.000242,0.669831,0.328417,0.000315,7.6e-05,0.008177270688558554
396,4.6e-05,1e-05,0.580834,0.419075,3e-05,5e-06,0.014035828653559203
397,0.002662,0.000691,0.712111,0.284136,0.00029,0.000109,0.005113375660809518
398,0.000246,3.9e-05,0.699984,0.299691,3e-05,9e-06,0.006462349946137584
399,0.000691,0.000195,0.627542,0.371276,0.000219,7.7e-05,0.01094057906784303
400,0.004484,0.000534,0.876156,0.118792,2.7e-05,7e-06,-0.005640266729308459
401,0.003798,0.000363,0.949619,0.046214,4e-06,1e-06,-0.010112108274858603
402,0.003712,0.000385,0.904343,0.091535,2.1e-05,5e-06,-0.007235350998852741
403,0.002252,0.000203,0.915081,0.082454,8e-06,2e-06,-0.007578029369712341
404,0.005507,0.000754,0.936736,0.056983,1.5e-05,5e-06,-0.009718382932307106
405,0.005107,0.000839,0.84807,0.145892,7.1e-05,2.2e-05,-0.004039667520359761
406,0.003762,0.000491,0.856081,0.139629,2.9e-05,8e-06,-0.004212347262917839
407,0.000663,9.9e-05,0.766886,0.23221,0.000115,2.7e-05,0.0021459879092598205
408,9.5e-05,2e-05,0.62682,0.373018,3.9e-05,9e-06,0.011119914636083219
409,0.00201,0.000374,0.774123,0.223162,0.000257,7.5e-05,0.001376248559371623
410,0.000877,0.000103,0.76888,0.230101,3.1e-05,8e-06,0.001966578778719092
411,0.001989,0.00021,0.77434,0.22334,9.9e-05,2.2e-05,0.0013757692722741936
412,0.003151,0.000315,0.859275,0.137213,3.6e-05,9e-06,-0.004257486108030526
413,0.007753,0.00139,0.774486,0.216002,0.000269,0.0001,-1.387529954727167e-05
414,0.00202,0.000143,0.861084,0.136734,1.6e-05,4e-06,-0.004107822674285037
415,0.004588,0.000596,0.840541,0.154209,4.9e-05,1.7e-05,-0.0034192542487112
416,0.007556,0.001082,0.854621,0.136585,0.000109,4.7e-05,-0.005004000143330468
417,0.00358,0.00047,0.801846,0.193985,9.1e-05,2.8e-05,-0.0007381937308934817
418,0.000906,0.000203,0.656209,0.342531,0.00012,3.2e-05,0.00907150878691586
419,0.003159,0.00041,0.849485,0.146906,3.1e-05,9e-06,-0.003655388979458261
420,0.000189,3.5e-05,0.546863,0.452703,0.000154,5.6e-05,0.016161446630980684
421,0.002087,0.000693,0.628785,0.367437,0.000709,0.000289,0.010545869209011615
422,0.000603,0.000116,0.627331,0.371727,0.000176,4.7e-05,0.010978422737227512
423,0.001763,0.000175,0.856586,0.141466,8e-06,2e-06,-0.0037748632791995895
424,0.000873,0.000207,0.61023,0.388299,0.000314,7.8e-05,0.012000100038197613
425,0.000495,4.4e-05,0.68117,0.318243,3.8e-05,9e-06,0.007597897700711752
426,9.5e-05,7e-06,0.720607,0.279276,1.4e-05,2e-06,0.005194661273755209
427,0.004573,0.000529,0.986342,0.008556,0.0,0.0,-0.012621695843352678
428,0.00126,5.5e-05,0.958296,0.040389,0.0,0.0,-0.010076207349800043
429,0.003045,0.000161,0.98506,0.011733,0.0,0.0,-0.012161250944968987
430,0.000354,5e-06,0.998621,0.001021,0.0,0.0,-0.012424108118197582
431,0.001307,7.1e-05,0.990547,0.008075,0.0,0.0,-0.012125995279991832
432,0.013266,0.003297,0.969939,0.013477,1.4e-05,8e-06,-0.01384496045236445
433,0.020258,0.003031,0.962387,0.014285,1.9e-05,1.9e-05,-0.01480731748898714
434,0.023393,0.003232,0.962281,0.011077,6e-06,1e-05,-0.015497079580275536
435,0.019612,0.007499,0.953449,0.019339,5.2e-05,4.9e-05,-0.01477785947577112
436,0.015582,0.002966,0.931947,0.049334,0.00012,5.2e-05,-0.011873613170724731
437,0.007158,0.000731,0.988392,0.003718,2e-06,1e-06,-0.0133291155847499
438,0.020996,0.002895,0.949509,0.026533,5.1e-05,1.6e-05,-0.014127727591330214
439,0.006756,0.001169,0.842971,0.148821,0.000234,4.9e-05,-0.004103527117030234
440,0.000939,0.000567,0.521108,0.475575,0.001304,0.000506,0.017672794274510493
441,0.001586,0.000176,0.801485,0.196712,3.2e-05,8e-06,-0.0002544455003513905
442,0.003578,0.000375,0.898769,0.097247,2.4e-05,7e-06,-0.0068529536460790515
443,0.000186,3.8e-05,0.594326,0.405329,0.000105,1.6e-05,0.013155617276060452
444,0.007898,0.001364,0.853863,0.136707,0.000125,4.3e-05,-0.005070754938176997
445,0.001414,6.6e-05,0.854864,0.143647,7e-06,2e-06,-0.00357567877121934
446,0.012893,0.002772,0.874223,0.109923,0.000113,7.5e-05,-0.00762589295330191
447,0.009685,0.002979,0.35983,0.571257,0.046862,0.009387,0.029550874547288768
448,0.000424,0.000184,0.513488,0.484363,0.001204,0.000336,0.01829593162461008
449,0.007853,0.00348,0.434234,0.538779,0.011639,0.004015,0.022308358512653552
450,0.000714,0.000269,0.550232,0.448142,0.000485,0.000158,0.015834500035770718
451,7.6e-05,3e-05,0.394921,0.60409,0.000689,0.000194,0.025834501208713022
452,0.000288,0.000118,0.534194,0.464764,0.000487,0.000149,0.016959940508760762
453,0.000144,3.8e-05,0.534139,0.465566,9e-05,2.2e-05,0.016966392708063858
454,0.000646,0.000277,0.470481,0.52674,0.001318,0.000538,0.02098164993915095
455,0.000822,0.000139,0.773714,0.225277,3.6e-05,1.3e-05,0.0016683211427934287
456,0.013356,0.003056,0.794939,0.188141,0.000341,0.000167,-0.0027334745415876155
457,0.00049,3.3e-05,0.892944,0.106529,3e-06,1e-06,-0.005780938580165001
458,0.001867,0.000211,0.878306,0.119608,6e-06,2e-06,-0.0051746084135799696
459,0.105877,0.053702,0.831778,0.007434,0.000925,0.000284,-0.03229081584097622
460,0.057643,0.041944,0.895368,0.004986,3.8e-05,2.1e-05,-0.02439292226482277
461,0.032745,0.015663,0.946048,0.005523,1.3e-05,9e-06,-0.018337458297615933
462,0.008495,0.000945,0.988522,0.002036,1e-06,1e-06,-0.013653184643134657
463,0.007112,0.000672,0.943728,0.048452,2.4e-05,1.3e-05,-0.010486147790010327
464,0.004368,0.000407,0.97285,0.022364,7e-06,5e-06,-0.011706372959788998
465,0.006371,0.000679,0.991961,0.000989,0.0,0.0,-0.013380313965647676
466,0.009838,0.002369,0.913985,0.073702,6.1e-05,4.5e-05,-0.009436121994192302
467,0.002513,0.000209,0.910427,0.086848,2e-06,1e-06,-0.0073407179513367065
468,0.003703,0.000412,0.959161,0.036722,1e-06,1e-06,-0.010702355139566634
469,0.0003,0.000137,0.490729,0.508072,0.000511,0.000251,0.01971330080433037
470,0.00019,9.5e-05,0.345883,0.649557,0.003358,0.000917,0.029150037311827217
471,3e-06,2e-06,0.256814,0.742278,0.000776,0.000128,0.034577126340091184
472,0.0,0.0,0.214056,0.784756,0.001074,0.000114,0.03729667584663812
473,7e-06,9e-06,0.049477,0.790918,0.140465,0.019125,0.05873478101045826
474,0.001961,0.002657,0.024101,0.103589,0.634983,0.232708,0.11506081665993478
475,0.003082,0.002309,0.137054,0.583276,0.21651,0.057769,0.06139171418599955
476,2e-06,3e-06,0.087989,0.81531,0.091957,0.004738,0.05159056950872053
477,3e-06,4e-06,0.070243,0.871983,0.053287,0.004481,0.05020916502349471
478,5e-06,6e-06,0.002926,0.05311,0.780447,0.163506,0.11877304898430423
479,8e-06,1.5e-05,0.064541,0.829007,0.094573,0.011856,0.054032908939717114
480,4e-06,6e-06,0.002576,0.07082,0.788539,0.138055,0.11646406870165943
481,5e-05,1.6e-05,0.177005,0.818251,0.004159,0.000519,0.039866954325051364
482,0.000744,0.000433,0.329917,0.653591,0.011431,0.003883,0.03083836982659428
483,4.7e-05,2.5e-05,0.229127,0.763933,0.005679,0.001189,0.036745723054706796
484,0.000141,0.000115,0.269684,0.713133,0.012444,0.004482,0.03495130372586467
485,1.8e-05,1e-06,0.457874,0.542087,1.7e-05,2e-06,0.02180970637443657
486,6.2e-05,2e-05,0.289386,0.709043,0.001249,0.00024,0.032546954939044144
487,6.9e-05,2.9e-05,0.387803,0.611539,0.000448,0.000112,0.0262612100609422
488,7e-06,3e-06,0.263825,0.73561,0.000454,0.000101,0.03410954960531333
489,3.5e-05,1.6e-05,0.293925,0.704802,0.001036,0.000185,0.03224670603310218
490,0.000127,0.0001,0.225213,0.762588,0.009378,0.002594,0.037358532178705085
491,2e-06,2e-06,0.225174,0.774182,0.000532,0.000109,0.036558410282972055
492,0.000141,4.2e-05,0.568014,0.431633,0.000137,3.3e-05,0.014830711584538043
493,5.3e-05,1.8e-05,0.303699,0.695237,0.000828,0.000165,0.0316096405558529
494,8.1e-05,1e-05,0.622599,0.377282,2.3e-05,4e-06,0.011389367241518702
495,0.000303,0.000105,0.581458,0.417707,0.000343,8.3e-05,0.01395625820257111
496,0.001336,0.000173,0.787102,0.211361,2.2e-05,7e-06,0.0007069437314776107
497,0.002225,0.000224,0.846785,0.150751,1.1e-05,4e-06,-0.0032605889219768495
498,0.000151,5.2e-05,0.426982,0.572214,0.000493,0.000108,0.023767711366010122
499,5.3e-05,1.2e-05,0.471324,0.528459,0.000124,2.8e-05,0.0209607467480452
500,0.0007,0.000205,0.610411,0.388288,0.000305,9.2e-05,0.012026609820594924
501,0.004337,0.000669,0.7194,0.275231,0.000269,9.4e-05,0.004298426822774296
502,0.019541,0.010425,0.752114,0.216841,0.000683,0.000396,-0.0024083212502735906
503,0.00438,0.000969,0.712242,0.281938,0.000361,0.00011,0.004703694034230155
504,0.000737,0.000272,0.629824,0.368719,0.00034,0.000108,0.010786205215113686
505,0.001764,0.000392,0.670857,0.326619,0.000283,8.6e-05,0.00795219011831064
506,4.7e-05,8e-06,0.518029,0.481886,2.2e-05,9e-06,0.01800351124623134
507,3.4e-05,1e-05,0.305422,0.694098,0.000363,7.3e-05,0.031465990129089405
508,2e-06,2e-06,0.168533,0.827714,0.003072,0.000678,0.04036277173525684
509,3.9e-05,4.3e-05,0.175704,0.797366,0.02158,0.005268,0.041593264013391924
510,0.001791,0.001034,0.165614,0.73316,0.079901,0.0185,0.046920774886164425
511,0.000119,8.7e-05,0.151693,0.812657,0.027574,0.007869,0.043760989908390543
512,8.8e-05,7.2e-05,0.200821,0.782489,0.011742,0.004788,0.039308762344712235
513,2e-06,2e-06,0.112376,0.881877,0.004685,0.001058,0.044056056853023065
514,2.5e-05,7e-06,0.059612,0.858439,0.064414,0.017503,0.05304494628580693
515,6.4e-05,4e-05,0.032842,0.794176,0.144394,0.028484,0.061067765994263695
516,2.9e-05,3.7e-05,0.163415,0.780563,0.048895,0.007061,0.04432048160001912
517,6e-06,5e-06,0.233834,0.764172,0.001602,0.000381,0.03610886282071787
518,5e-06,5e-06,0.199097,0.798538,0.001841,0.000513,0.03833354051600962
519,0.000497,0.00046,0.322933,0.66149,0.010556,0.004064,0.03129214791571464
520,0.00698,0.000971,0.499696,0.489495,0.002106,0.000752,0.0177633186658233
521,0.006597,0.00067,0.925673,0.067022,2.6e-05,1.2e-05,-0.009236182897524628
522,0.007537,0.001133,0.891746,0.099532,3.1e-05,2e-05,-0.007361083055702043
523,0.002144,0.000223,0.794653,0.20292,4.4e-05,1.5e-05,5.336846718387528e-05
524,0.000849,4.2e-05,0.929505,0.069603,1e-06,0.0,-0.008168278210063449
525,0.00485,0.000374,0.932188,0.062563,1.9e-05,7e-06,-0.00923373102698615
526,0.002847,0.000317,0.92079,0.076039,5e-06,2e-06,-0.008082214462878856
527,0.002578,0.000215,0.837276,0.159906,1.9e-05,6e-06,-0.0027325546018559916
528,0.000317,2.9e-05,0.807475,0.19215,2.5e-05,4e-06,-0.0003425736322483198
529,0.003244,0.000301,0.9022,0.094247,5e-06,3e-06,-0.006989385999717925
530,0.004351,0.00053,0.837372,0.157711,2.8e-05,8e-06,-0.0031611921541926076
