,y_Tp3_PriceChg_c0,y_Tp3_PriceChg_c1,y_Tp3_PriceChg_c2,y_Tp3_PriceChg_c3,y_Tp3_PriceChg_c4,y_Tp3_PriceChg_c5,y_Tp3_PriceChg_c6,pc_pred
0,0.000175,0.000246,0.008907,0.811486,0.179151,3.2e-05,4e-06,0.012002880885671995
1,0.000423,0.001208,0.032952,0.858648,0.106762,5e-06,1e-06,0.007407007407726911
2,0.000493,0.00069,0.012725,0.822769,0.162891,0.000383,4.9e-05,0.011024766943467301
3,5.9e-05,0.000116,0.005198,0.782716,0.211903,7e-06,1e-06,0.013776580457068921
4,0.0,0.0,1.7e-05,0.203591,0.796382,8e-06,1e-06,0.0426589589265052
5,0.0,1e-06,5.2e-05,0.459705,0.540233,8e-06,1e-06,0.030095599559233778
6,0.000838,0.003604,0.004261,0.22187,0.406026,0.281669,0.081732,0.06904533985873018
7,9e-06,1.9e-05,9.8e-05,0.148198,0.833254,0.015271,0.003151,0.046741039337195055
8,3.9e-05,7.2e-05,0.001332,0.241138,0.752327,0.004179,0.000913,0.041067939643052456
9,0.000107,0.000188,0.001585,0.320375,0.66328,0.011076,0.003389,0.037881783355472
10,3e-06,6e-06,6e-06,0.021655,0.562244,0.339013,0.077073,0.08302093605505985
11,1e-06,3e-06,5e-06,0.030027,0.815042,0.133833,0.021089,0.062450412602323806
12,0.0,0.0,1e-06,0.018916,0.923658,0.050082,0.007343,0.05587098876511406
13,6e-06,1.8e-05,0.000519,0.10473,0.879327,0.013026,0.002374,0.048595967706647196
14,2.5e-05,4.7e-05,8.2e-05,0.125846,0.715007,0.120511,0.038482,0.05897496112077873
15,0.001055,0.000957,0.000358,0.03184,0.077363,0.687296,0.20113,0.11990709016210338
16,0.000343,4.1e-05,2.4e-05,0.005485,0.11716,0.72263,0.154317,0.1181095163832314
17,0.010647,0.001322,0.00045,0.007871,0.012348,0.577404,0.389958,0.1348755187781641
18,1.9e-05,4e-06,6e-06,0.003516,0.058455,0.841607,0.096393,0.1190072392520685
19,1e-06,1e-06,0.000131,0.176443,0.822796,0.000557,7.1e-05,0.044024321870408
20,0.0,3e-06,6.8e-05,0.071312,0.926667,0.001712,0.000237,0.04928094014609604
21,3e-06,9.7e-05,0.00048,0.052089,0.941615,0.004925,0.00079,0.05045168101966103
22,0.0,1e-06,8.1e-05,0.265873,0.733958,8.1e-05,6e-06,0.03960422613465488
23,0.004265,0.01353,0.102676,0.734563,0.144821,0.000126,1.9e-05,0.005092794582422584
24,0.000153,0.00035,0.010187,0.877022,0.112286,3e-06,0.0,0.008665488376364517
25,0.00013,0.000208,0.005221,0.700827,0.293415,0.000173,2.6e-05,0.01777899804619809
26,3.8e-05,2.8e-05,0.002636,0.809266,0.187996,3.3e-05,3e-06,0.012716615475678391
27,0.000829,0.001343,0.027456,0.748993,0.221137,0.000207,3.4e-05,0.01318813319929258
28,3e-06,3e-06,0.000186,0.51858,0.481179,4.6e-05,4e-06,0.02719856295130404
29,0.000106,0.000621,0.012108,0.719981,0.267171,1.1e-05,1e-06,0.01617440661688087
30,0.000179,0.00056,0.008523,0.841033,0.149691,1.2e-05,1e-06,0.010546100749283709
31,1.5e-05,2.8e-05,0.003199,0.901496,0.095262,1e-06,0.0,0.008146177789718878
32,5.5e-05,7.6e-05,0.005969,0.882968,0.110926,5e-06,0.0,0.008797771252729512
33,0.00247,0.008663,0.089672,0.760474,0.138653,5.9e-05,1e-05,0.005915739401212629
34,0.001147,0.00214,0.049124,0.733893,0.212641,0.000891,0.000164,0.01192384945164034
35,0.030353,0.166821,0.461423,0.326239,0.014763,0.000334,6.7e-05,-0.03052101213699061
36,0.000856,0.003274,0.079255,0.776975,0.139603,3.3e-05,4e-06,0.007004912974993207
37,0.00487,0.041027,0.344069,0.575196,0.034813,2.1e-05,3e-06,-0.011838544218499569
38,0.000183,0.000497,0.014668,0.854897,0.129749,7e-06,1e-06,0.009333119380607855
39,0.006407,0.084926,0.446882,0.444293,0.017477,1.4e-05,2e-06,-0.020198121599762205
40,0.001707,0.003637,0.019776,0.8272,0.147496,0.000148,3.7e-05,0.009567060686172496
41,0.00598,0.156482,0.732535,0.10421,0.000792,1e-06,0.0,-0.03740782330608405
42,0.0023,0.010178,0.065794,0.779513,0.142205,8e-06,2e-06,0.0069213125185609665
43,0.000424,0.001524,0.036392,0.867193,0.094464,3e-06,0.0,0.006646118946786177
44,1.2e-05,1.1e-05,0.001187,0.886047,0.11274,1e-06,0.0,0.009083142810849881
45,0.000774,0.001521,0.024485,0.774416,0.198611,0.000167,2.7e-05,0.012187793445440222
46,8.6e-05,0.00012,0.004419,0.811062,0.184281,3e-05,3e-06,0.012450884674525833
47,7e-06,1.7e-05,0.001917,0.877597,0.120462,1e-06,0.0,0.00943379981198816
48,0.00019,0.000448,0.01306,0.829235,0.157048,1.7e-05,2e-06,0.010738274425676835
49,0.000965,0.004233,0.067654,0.833743,0.093381,2.1e-05,2e-06,0.005098822099374446
50,0.004069,0.013528,0.090652,0.730337,0.161214,0.000175,2.6e-05,0.0063994166546410885
51,0.034335,0.193796,0.497771,0.261596,0.012367,0.000115,1.8e-05,-0.034692541004157626
52,0.025257,0.156697,0.490794,0.321284,0.005883,7.4e-05,1.2e-05,-0.03062473820521074
53,0.003934,0.139391,0.737594,0.118817,0.000262,1e-06,0.0,-0.036047275951353965
54,0.010937,0.044696,0.210192,0.644521,0.08948,0.000147,2.8e-05,-0.005112114667405523
55,0.035695,0.135713,0.332447,0.487799,0.007995,0.000313,3.9e-05,-0.02431013208179826
56,0.027656,0.167184,0.512216,0.277294,0.015306,0.000291,5.4e-05,-0.03210247133060343
57,6.8e-05,0.000205,0.013579,0.882009,0.104137,2e-06,0.0,0.00815746014003702
58,0.012451,0.019915,0.181982,0.746228,0.03937,4.7e-05,7e-06,-0.004855692033962668
59,0.001002,0.002917,0.038731,0.77581,0.181489,4.3e-05,9e-06,0.01063952183442593
60,0.00092,0.003136,0.024437,0.832171,0.139326,9e-06,2e-06,0.009117337347701133
61,8.3e-05,0.000515,0.024432,0.936773,0.038196,0.0,0.0,0.004476590698017192
62,0.000127,0.00013,0.001423,0.862896,0.1354,2.1e-05,4e-06,0.010162340750507416
63,0.002887,0.005335,0.028336,0.737983,0.225159,0.000242,5.9e-05,0.012756463858874297
64,0.001101,0.003798,0.068253,0.714418,0.212006,0.000359,6.6e-05,0.01095514846363009
65,0.00016,0.000252,0.009592,0.755322,0.234656,1.6e-05,3e-06,0.0146981023063313
66,3e-06,6e-06,0.001076,0.839764,0.159149,3e-06,0.0,0.011365361445995953
67,2e-06,2e-06,0.000205,0.303949,0.692586,0.002899,0.000356,0.037951560298346
68,0.0,1e-06,7e-06,0.143812,0.845833,0.008395,0.001952,0.0463746051389403
69,0.0,1e-06,5.7e-05,0.207117,0.79236,0.000406,5.8e-05,0.04251525130897708
70,0.0,0.0,8e-05,0.648606,0.351313,1e-06,0.0,0.020828698915938384
71,0.0,0.0,1e-05,0.172623,0.827274,8.6e-05,6e-06,0.04418398089033357
72,0.0,0.0,2.8e-05,0.699491,0.300444,3.7e-05,1e-06,0.018340311758135153
73,0.000492,0.002573,0.050405,0.74663,0.199828,6.3e-05,9e-06,0.011189030600742257
74,0.004362,0.011481,0.061909,0.742705,0.179423,9.9e-05,2.1e-05,0.00850892002707507
75,0.007587,0.060579,0.29371,0.525304,0.112579,0.000187,5.3e-05,-0.007908677543120041
76,0.016187,0.043127,0.156065,0.64586,0.137611,0.000924,0.000226,-0.00118536076826825
77,0.014161,0.116118,0.544673,0.319151,0.005796,8.9e-05,1.3e-05,-0.028039510554986373
78,0.007145,0.062465,0.589309,0.340574,0.000501,5e-06,0.0,-0.024987062891876095
79,0.006373,0.082394,0.544648,0.362484,0.004007,8.6e-05,8e-06,-0.024450246546957193
80,0.010823,0.154751,0.737258,0.096542,0.000574,4.9e-05,4e-06,-0.038180969095465235
81,0.009409,0.047165,0.277165,0.611612,0.054616,2.8e-05,6e-06,-0.009398775907105644
82,0.000296,0.001967,0.026788,0.8543,0.116647,1e-06,0.0,0.00809232579685811
83,0.028432,0.212593,0.569981,0.185602,0.003316,6.7e-05,1e-05,-0.03848391199880781
84,0.044544,0.345262,0.479352,0.12947,0.001328,3.9e-05,5e-06,-0.04738856655427039
85,0.062169,0.425697,0.457332,0.050216,0.003622,0.000798,0.000167,-0.05493717202851665
86,0.130057,0.837134,0.032056,0.000733,1.8e-05,2e-06,1e-06,-0.07958047418836305
87,0.033374,0.186545,0.562636,0.209253,0.007856,0.000291,4.4e-05,-0.036722176442047366
88,0.194567,0.787727,0.017614,6.8e-05,1.7e-05,5e-06,4e-06,-0.084840038873532
89,0.555667,0.437639,0.004069,2.9e-05,7.1e-05,0.001229,0.001296,-0.11102495205943169
90,0.048455,0.28344,0.642038,0.025927,0.000121,1.6e-05,1e-06,-0.04971114916468092
91,0.00084,0.016394,0.350075,0.620289,0.012396,6e-06,0.0,-0.01073220745911699
92,8.3e-05,0.000544,0.025372,0.851572,0.122428,1e-06,0.0,0.008568904573666242
93,0.028156,0.284855,0.631435,0.055528,1.9e-05,6e-06,1e-06,-0.04641487154810468
94,0.020815,0.273985,0.681055,0.023996,0.000128,1.9e-05,1e-06,-0.046436000675471656
95,0.118884,0.859807,0.021265,4.1e-05,2e-06,1e-06,1e-06,-0.07921215316184715
96,0.143983,0.835423,0.020366,0.000207,1.1e-05,7e-06,4e-06,-0.08105361618140397
97,0.121129,0.873057,0.005811,3e-06,0.0,0.0,0.0,-0.07993703294761813
98,0.033699,0.320907,0.617604,0.027716,7.2e-05,3e-06,0.0,-0.04939608273089024
99,0.009528,0.237027,0.690515,0.062848,8.3e-05,1e-06,0.0,-0.04237151680313862
100,0.029157,0.34998,0.480506,0.131769,0.008547,3.2e-05,1e-05,-0.045161228810911176
101,0.005468,0.027608,0.41105,0.513845,0.041753,0.000242,3.3e-05,-0.013150836763877608
102,0.0,0.0,1e-06,0.016252,0.979357,0.003666,0.000725,0.05217405218494271
103,0.007722,0.032174,0.209188,0.644274,0.106183,0.000385,7.5e-05,-0.002805701596187863
104,0.154231,0.663146,0.175199,0.007138,0.000235,3.4e-05,1.6e-05,-0.07565019152635577
105,0.087055,0.577538,0.293859,0.038979,0.002404,0.000126,3.9e-05,-0.06380274250535664
106,0.014852,0.079575,0.365286,0.514665,0.0256,1.9e-05,4e-06,-0.017476790858703083
107,0.0442,0.123105,0.251599,0.541753,0.038951,0.000303,8.9e-05,-0.019956600016082873
108,0.0263,0.238671,0.57144,0.163508,7.6e-05,5e-06,0.0,-0.04034790266776267
109,0.047538,0.219949,0.514164,0.211769,0.005988,0.000504,8.8e-05,-0.03949469658677779
110,0.043766,0.189873,0.581153,0.178695,0.005383,0.000959,0.000171,-0.03924804228091644
111,0.003383,0.009951,0.105172,0.755003,0.126446,3.8e-05,7e-06,0.004481102750460209
112,5e-06,6e-06,0.001243,0.833042,0.165703,2e-06,0.0,0.011679886478500361
113,3e-06,4e-06,0.000952,0.927729,0.071312,0.0,0.0,0.007062321555814582
114,7e-06,1.9e-05,0.000493,0.421036,0.57841,3e-05,4e-06,0.031951373319782095
115,0.000369,0.000742,0.015231,0.767901,0.2157,4.9e-05,8e-06,0.013486587856509287
116,0.004687,0.015183,0.062303,0.753186,0.164568,5.9e-05,1.3e-05,0.007433749556307255
117,0.000125,0.000311,0.001262,0.283727,0.70941,0.004096,0.001069,0.03895242023913722
118,5e-06,1.7e-05,5.8e-05,0.074405,0.920817,0.003856,0.000842,0.04934055973188972
119,0.0,0.0,5e-06,0.25191,0.748079,6e-06,0.0,0.040290178473998156
120,0.0,0.0,3e-06,0.027986,0.970655,0.001198,0.000157,0.051368594601640664
121,3e-06,2.8e-05,6.1e-05,0.091438,0.904093,0.003201,0.001177,0.048501982388361974
122,0.0,0.0,3e-06,0.063178,0.928461,0.007262,0.001096,0.05015185916032322
123,1e-05,2.2e-05,4.2e-05,0.102841,0.876984,0.015674,0.004426,0.049150571048783814
124,1e-05,2.7e-05,0.000403,0.266436,0.73275,0.000333,4.2e-05,0.0395639749973445
125,0.0,1e-06,0.000177,0.356635,0.643161,2.4e-05,2e-06,0.03514048719385389
126,1.6e-05,5e-05,0.00042,0.160649,0.837637,0.00102,0.000208,0.04481125247377973
127,1.4e-05,3e-05,0.000138,0.207163,0.790465,0.001869,0.000321,0.042626822918183704
128,5e-06,1.6e-05,0.000293,0.211071,0.787669,0.000825,0.000121,0.0423327621547661
129,1e-06,4e-06,0.000381,0.384533,0.615044,3.5e-05,3e-06,0.033754725500375095
130,2.6e-05,5.6e-05,0.001383,0.549869,0.448568,8.6e-05,1.2e-05,0.025551359585223674
131,0.00131,0.002254,0.015356,0.550596,0.428108,0.001777,0.000601,0.023944656602714227
132,2.9e-05,6.5e-05,0.002423,0.863455,0.134011,1.6e-05,1e-06,0.010073653241205982
133,9.6e-05,0.000213,0.011664,0.893507,0.094514,6e-06,0.0,0.007755603249968451
134,0.001485,0.002998,0.021182,0.703324,0.270805,0.000162,4.4e-05,0.01564318530418052
135,0.00029,0.0028,0.099191,0.711103,0.186565,4.4e-05,7e-06,0.008654878554738886
136,3e-06,1.5e-05,0.000474,0.433471,0.565923,9.7e-05,1.6e-05,0.03135031621399647
137,3e-06,3e-06,0.000542,0.72659,0.272859,2e-06,0.0,0.016962704376933802
138,0.000236,0.000884,0.002254,0.389854,0.605854,0.000749,0.000168,0.033240315107141975
139,0.001041,0.004531,0.075826,0.827174,0.091417,9e-06,1e-06,0.004650149186053214
140,4.8e-05,0.000167,0.005565,0.696654,0.297527,3.4e-05,5e-06,0.01796302799995564
141,0.000711,0.001816,0.02579,0.773764,0.197785,0.000116,1.7e-05,0.012076278203916928
142,5e-06,1.3e-05,0.001752,0.856358,0.14187,1e-06,0.0,0.010490673700481658
143,4e-06,1.3e-05,0.001381,0.902381,0.096221,0.0,0.0,0.008266418927777394
144,8e-06,1.5e-05,0.001308,0.641212,0.357446,1e-05,1e-06,0.02108068887687818
145,7.5e-05,0.000213,0.003156,0.444375,0.551951,0.000195,3.5e-05,0.03054994912206193
146,0.000205,0.000511,0.016902,0.831983,0.150378,1.9e-05,3e-06,0.01025547639559044
147,0.000464,0.001096,0.011633,0.800907,0.1858,8.5e-05,1.5e-05,0.012124680017061342
148,2e-06,2e-06,0.000283,0.796123,0.203586,4e-06,0.0,0.013575962823276699
149,2.6e-05,6.8e-05,0.004248,0.859485,0.136172,1e-06,0.0,0.01010711464388852
150,6e-06,1.5e-05,0.001811,0.763848,0.234319,1e-06,0.0,0.015021926154419947
151,8e-06,4.6e-05,0.004211,0.813668,0.182063,3e-06,0.0,0.01236364525599288
152,4.9e-05,0.000111,0.005638,0.830635,0.163559,8e-06,1e-06,0.011390605365978534
153,2.7e-05,5.9e-05,0.003171,0.884483,0.112258,1e-06,0.0,0.008976671918921455
154,0.000369,0.001101,0.020392,0.838128,0.140005,4e-06,0.0,0.009540616109265427
155,0.000114,0.000364,0.012272,0.880497,0.106752,1e-06,0.0,0.008317623487506198
156,1.4e-05,1e-05,0.000752,0.863196,0.136027,1e-06,0.0,0.010241846883189926
157,0.000513,0.001573,0.022231,0.84242,0.133249,1.3e-05,1e-06,0.009082464899179918
158,0.000282,0.000715,0.021547,0.846821,0.130621,1.3e-05,2e-06,0.009078719065243544
159,0.000681,0.001777,0.02807,0.818704,0.150743,2.1e-05,3e-06,0.009674869285555231
160,0.00027,0.001093,0.02723,0.879294,0.092111,1e-06,0.0,0.006941224628511057
161,0.001145,0.002459,0.037413,0.80289,0.156043,4.3e-05,6e-06,0.00945547575798363
162,0.003472,0.008499,0.069119,0.732443,0.186275,0.000157,3.6e-05,0.00892910279252069
163,0.000276,0.000835,0.020467,0.809327,0.169078,1.6e-05,2e-06,0.01099887148889038
164,0.002062,0.003947,0.027836,0.704191,0.261345,0.000524,9.5e-05,0.014814648979132247
165,5.1e-05,6.5e-05,0.002047,0.553325,0.444282,0.000204,2.6e-05,0.02532688572659203
166,0.000193,0.000488,0.003413,0.432432,0.561649,0.001428,0.000396,0.031179846611663783
167,0.000279,0.000504,0.007128,0.685775,0.306164,0.000128,2.3e-05,0.018280364466339856
168,1e-06,1e-06,0.000198,0.691037,0.308752,1e-05,1e-06,0.018737838528003894
169,1.8e-05,8.7e-05,0.002764,0.690258,0.30686,1.2e-05,1e-06,0.018536705855749708
170,0.00012,0.000317,0.006485,0.778873,0.214185,1.8e-05,2e-06,0.01381588510142127
171,0.003917,0.02069,0.149029,0.694758,0.131356,0.000209,4.1e-05,0.002160888769722918
172,0.000343,0.002095,0.036516,0.845872,0.115175,1e-06,0.0,0.007625946663734256
173,0.012589,0.110731,0.515124,0.354625,0.006907,2.1e-05,2e-06,-0.026211684473640504
174,0.002139,0.012262,0.107433,0.77333,0.104829,5e-06,1e-06,0.0033388580681878175
175,0.000621,0.000849,0.00768,0.744188,0.246588,6.8e-05,8e-06,0.015251487542992923
176,0.002017,0.001891,0.022505,0.860914,0.112638,3.3e-05,3e-06,0.007817787600784994
177,0.000261,0.000966,0.027261,0.865376,0.106124,1.1e-05,1e-06,0.007639402368789607
178,0.005055,0.013508,0.074099,0.770953,0.136274,9e-05,2.1e-05,0.005664325341251652
179,0.000651,0.004368,0.082359,0.773374,0.13924,7e-06,1e-06,0.006811399042237632
180,0.006795,0.036598,0.243729,0.655506,0.057342,2.7e-05,5e-06,-0.006789426064598189
181,0.001077,0.00546,0.042694,0.850812,0.099957,0.0,0.0,0.006279109955596566
182,0.003157,0.007626,0.088944,0.775978,0.124173,0.000109,1.3e-05,0.005216393414760229
183,0.003189,0.010243,0.069633,0.722737,0.193557,0.000546,9.5e-05,0.009231818088569467
184,0.000315,0.000759,0.016123,0.838575,0.144223,5e-06,0.0,0.009946929365557845
185,3.6e-05,5.7e-05,0.003498,0.849396,0.147012,1e-06,0.0,0.01066718964580234
186,3.7e-05,7e-05,0.002133,0.723522,0.274232,5e-06,1e-06,0.016958746786126043
187,2e-06,2e-06,0.000227,0.697256,0.302511,2e-06,0.0,0.018429338100548656
188,3.1e-05,3.1e-05,0.001494,0.711498,0.286848,8.7e-05,1e-05,0.01761696559717285
189,2e-06,1e-06,0.000368,0.849536,0.150092,0.0,0.0,0.010948851757931404
190,2e-06,8e-06,0.00215,0.873219,0.124621,0.0,0.0,0.009630012501957821
191,0.003054,0.044491,0.431181,0.49802,0.023243,1e-05,1e-06,-0.015780994114958462
192,0.036081,0.18827,0.273673,0.497109,0.004836,2.7e-05,3e-06,-0.026217964037547843
193,0.00259,0.027206,0.348063,0.613999,0.00814,2e-06,0.0,-0.01193194051842312
194,0.029071,0.153203,0.553664,0.259917,0.004057,7.8e-05,1e-05,-0.03345618800096985
195,0.022687,0.187958,0.160374,0.620931,0.00804,8e-06,3e-06,-0.019663610250920543
196,0.008209,0.029055,0.150546,0.6646,0.146321,0.001103,0.000165,0.0016985612384662016
197,0.042287,0.214491,0.511795,0.229587,0.001683,0.000134,2.3e-05,-0.03848290083789505
198,0.015678,0.050249,0.211578,0.613421,0.108697,0.000301,7.6e-05,-0.0053138367525891106
199,0.001989,0.003735,0.043216,0.544665,0.404049,0.00173,0.000618,0.021469450938119233
200,0.00253,0.001973,0.02114,0.520282,0.446436,0.006157,0.001482,0.025110174795596095
201,2e-06,3e-06,0.000157,0.354441,0.64474,0.000582,7.5e-05,0.03529441958847494
202,0.0,0.0,0.0,0.03395,0.966043,7e-06,0.0,0.05097976664437573
203,0.0,1e-06,2e-06,0.022212,0.977725,4.8e-05,1.3e-05,0.05155941705929596
204,0.000675,0.001377,0.000345,0.065195,0.782738,0.134897,0.014772,0.059696299371440636
205,0.0,0.0,0.0,0.0,0.000177,0.716694,0.283128,0.13368434409885102
206,0.0,3e-06,1.9e-05,0.014035,0.963773,0.018876,0.003294,0.05358358660799636
207,3.1e-05,1.5e-05,2e-06,0.002572,0.09347,0.646008,0.257901,0.1258843064858985
208,0.0,0.0,0.0,2.6e-05,0.036474,0.840546,0.122954,0.12233447960919844
209,7e-06,1.5e-05,7e-06,0.002035,0.189804,0.658629,0.149504,0.11359465817303553
210,1.8e-05,1.5e-05,2e-06,0.001677,0.126391,0.696912,0.174985,0.11919510438693781
211,1e-06,3e-06,4e-06,0.034834,0.805583,0.143863,0.015712,0.06221652198615619
212,0.0,1e-06,3e-05,0.047003,0.946249,0.00625,0.000467,0.05080038554154228
213,1e-06,2e-06,1.2e-05,0.064073,0.927294,0.007329,0.00129,0.0501346732196569
214,2e-06,2e-06,9.1e-05,0.374089,0.625492,0.000284,4e-05,0.03431310921065659
215,2e-06,3e-06,0.000122,0.14613,0.852054,0.001473,0.000217,0.04558871897580896
216,0.0,0.0,2.1e-05,0.095482,0.90386,0.000579,5.8e-05,0.04800461352259397
217,0.0,0.0,1e-06,0.08567,0.911842,0.002263,0.000223,0.04861727583072749
218,0.0,0.0,2e-06,0.144312,0.855577,0.0001,8e-06,0.045574252457480875
219,1e-06,2e-06,6.7e-05,0.128709,0.867672,0.003132,0.000417,0.046580548204438285
220,0.0,2e-06,4.2e-05,0.052347,0.947131,0.000413,6.4e-05,0.050107780781689586
221,1e-06,1e-06,4e-06,0.037805,0.942414,0.018037,0.001738,0.05217589441186353
222,0.0,1e-06,8.2e-05,0.171913,0.827484,0.000464,5.5e-05,0.04424292786520888
223,0.0,0.0,0.0,0.011445,0.986535,0.001844,0.000175,0.05222433975509864
224,2e-06,4e-05,0.000173,0.031169,0.962269,0.005372,0.000974,0.051563310739338016
225,1e-06,3e-06,0.000108,0.10127,0.896008,0.002131,0.000479,0.04786474740129476
226,0.0,0.0,1e-06,0.118163,0.880893,0.000842,0.000101,0.046916415717460115
227,0.0,0.0,1e-06,0.030094,0.969711,0.000182,1.2e-05,0.051181643573402
228,1e-06,2e-06,5.9e-05,0.043299,0.954202,0.002195,0.000241,0.05068742261493409
229,0.0,0.0,6e-06,0.035931,0.963449,0.000545,7e-05,0.05092569303603812
230,5.7e-05,6.1e-05,0.002139,0.522764,0.474344,0.000527,0.000109,0.0268480432846276
231,2.8e-05,0.0002,0.001064,0.146353,0.849133,0.002513,0.000709,0.04559286022416207
232,1e-06,3e-06,8e-06,0.08315,0.903932,0.011444,0.001462,0.04948833789283876
233,1e-06,2e-06,5.3e-05,0.070217,0.928337,0.001235,0.000155,0.04929490713370093
234,5e-06,7e-06,0.000618,0.641835,0.357523,1e-05,1e-06,0.021112291727192825
235,1e-06,5e-06,5.9e-05,0.149514,0.850081,0.00029,5e-05,0.04533084227068345
236,0.000676,0.00128,0.020102,0.746275,0.231569,8.5e-05,1.3e-05,0.013995040107585807
237,0.0,0.0,1e-06,0.057276,0.942257,0.000422,4.5e-05,0.049868293833859906
238,1e-06,1e-05,0.000134,0.070588,0.919816,0.007547,0.001905,0.04989223267532205
239,0.007428,0.027394,0.07475,0.438744,0.441929,0.007325,0.002429,0.02047422279752042
240,2e-06,2e-06,0.000507,0.735832,0.263656,1e-06,0.0,0.016512846288436214
241,6e-06,6e-06,0.000483,0.762328,0.237174,3e-06,0.0,0.015214399355623891
242,4.4e-05,5.8e-05,0.002088,0.704398,0.293381,2.7e-05,2e-06,0.01790213112905315
243,7e-06,2.9e-05,0.000846,0.747761,0.251356,1e-06,0.0,0.015893713281671232
244,4e-06,1.5e-05,0.000651,0.442375,0.556931,2.1e-05,4e-06,0.030891599019071354
245,0.001601,0.003868,0.041501,0.753128,0.199814,7.7e-05,1.3e-05,0.011275530248913885
246,0.000576,0.001805,0.028738,0.75139,0.217094,0.000329,6.8e-05,0.01296254222390859
247,0.000204,0.000454,0.010076,0.836605,0.152621,3.8e-05,3e-06,0.010637071158316028
248,0.000177,0.000562,0.01752,0.877726,0.104011,4e-06,0.0,0.007955660784065363
249,0.000133,0.00032,0.007216,0.889655,0.102672,4e-06,0.0,0.008314657928143449
250,1.5e-05,1.9e-05,0.002208,0.883538,0.11422,0.0,0.0,0.00911493657259368
251,1.3e-05,5.2e-05,0.005347,0.869646,0.124942,1e-06,0.0,0.009516834296985752
252,1.2e-05,1.9e-05,0.002341,0.815698,0.181927,3e-06,0.0,0.0124310110055321
253,2e-06,4e-06,0.000757,0.9109,0.088337,0.0,0.0,0.007904971060703411
254,7.4e-05,0.000231,0.005244,0.83621,0.158226,1.4e-05,1e-06,0.01113236073194619
255,0.000115,0.000422,0.009773,0.847246,0.142435,8e-06,1e-06,0.010161064818332143
256,0.003218,0.008349,0.065563,0.759064,0.163618,0.000159,2.9e-05,0.008003797528594873
257,0.000288,0.000528,0.004172,0.575199,0.419101,0.000573,0.000138,0.02400099951811756
258,0.000503,0.001085,0.008596,0.740564,0.248836,0.000366,5e-05,0.015367086606829719
259,0.001945,0.006383,0.044627,0.7164,0.23034,0.000266,4e-05,0.012438118508049531
260,0.000175,0.000303,0.007003,0.580184,0.4115,0.000708,0.000127,0.023565422642189207
261,4.7e-05,4.6e-05,0.000688,0.637522,0.361359,0.000294,4.5e-05,0.02132851155352235
262,1.6e-05,4.6e-05,0.001044,0.595588,0.403263,3.9e-05,4e-06,0.02333819098077395
263,3e-06,2e-06,0.000221,0.768279,0.231478,1.6e-05,1e-06,0.014947628414075428
264,0.0,0.0,9e-06,0.358262,0.641717,1.1e-05,1e-06,0.03507461335106633
265,5.4e-05,0.000109,0.001824,0.417207,0.579984,0.000663,0.000158,0.03206173186867568
266,3.9e-05,0.000201,0.001284,0.1673,0.828586,0.002109,0.000481,0.04448999473122711
267,0.000442,0.001824,0.027307,0.66533,0.304988,9.4e-05,1.3e-05,0.01731069542680867
268,8.2e-05,0.000223,0.003898,0.643988,0.35172,7.7e-05,1.3e-05,0.020682512142046132
269,0.000239,0.000302,0.005914,0.701372,0.292017,0.000136,2.1e-05,0.017655322919381867
270,0.000136,0.00032,0.009837,0.819741,0.169942,2.1e-05,2e-06,0.011513760096843656
271,0.00047,0.000806,0.014547,0.787076,0.19698,0.000105,1.5e-05,0.012582963057320533
272,0.000206,0.000363,0.00757,0.809302,0.182509,4.5e-05,5e-06,0.012207774691750047
273,7e-05,0.000116,0.005388,0.80304,0.191377,9e-06,1e-06,0.012761186499583126
274,7e-05,0.000302,0.011416,0.899844,0.088367,1e-06,0.0,0.007460370545704143
275,0.000788,0.002157,0.025458,0.78143,0.190089,6.8e-05,1e-05,0.011668149067734458
276,0.008205,0.05784,0.338372,0.578136,0.017438,8e-06,1e-06,-0.014223701393562887
277,0.000431,0.001586,0.03632,0.829878,0.131772,1.1e-05,1e-06,0.00847395457756062
278,0.000834,0.00209,0.031491,0.867488,0.098087,9e-06,1e-06,0.006911973908413929
279,1.8e-05,7e-05,0.007314,0.847112,0.145485,1e-06,0.0,0.010445838262129319
280,0.000425,0.000798,0.017167,0.798175,0.183371,5.7e-05,6e-06,0.011814069455020493
281,0.000687,0.001461,0.020676,0.620968,0.35573,0.000409,6.9e-05,0.02009315017456985
282,0.000175,0.000272,0.004668,0.628745,0.36574,0.000355,4.5e-05,0.02135997612340866
283,1.5e-05,3e-05,0.000342,0.355924,0.643272,0.000352,6.5e-05,0.03518332873344329
284,3.1e-05,6.1e-05,0.000814,0.194918,0.799294,0.003986,0.000896,0.043368448217070636
285,0.002805,0.006203,0.02856,0.585363,0.374296,0.002185,0.00059,0.020321074421610325
286,1.8e-05,0.000119,0.000588,0.074748,0.916024,0.006683,0.001821,0.049564974584275924
287,5.6e-05,0.000114,0.001601,0.435047,0.56102,0.00176,0.000402,0.03130654754891709
288,1.6e-05,5.3e-05,0.000394,0.106684,0.883685,0.007619,0.001548,0.04805220639672458
289,0.000111,0.000277,0.00096,0.125145,0.826939,0.035746,0.010822,0.05000838117123577
290,5e-06,7.3e-05,0.001862,0.185917,0.80699,0.004112,0.00104,0.04374703384734914
291,0.000169,0.000832,0.007111,0.198263,0.735631,0.040427,0.017567,0.046924801189680426
292,0.0,0.0,1e-06,0.026554,0.971069,0.002123,0.000254,0.05151115202485024
293,0.0,1e-06,1e-06,0.037579,0.949075,0.010186,0.003158,0.051847913099772165
294,0.0,0.0,3e-06,0.038344,0.957438,0.003554,0.00066,0.051075165651930064
295,3e-06,4.7e-05,0.000835,0.045156,0.943266,0.009416,0.001276,0.05111832576011814
296,0.0,0.0,4e-06,0.022294,0.976249,0.001317,0.000137,0.05165308718996364
297,3.4e-05,9.7e-05,0.002434,0.45399,0.54294,0.000434,7.1e-05,0.030184241442472445
298,0.0,1e-06,0.000135,0.412767,0.587048,4.3e-05,5e-06,0.032392929896214034
299,0.000104,0.000358,0.006366,0.819168,0.173997,7e-06,1e-06,0.011847491840752788
300,6e-05,9.4e-05,0.002436,0.696171,0.301233,5e-06,0.0,0.018265784624692197
301,0.0,0.0,5e-05,0.653192,0.346757,0.0,0.0,0.020606312743131534
302,4.1e-05,0.00021,0.001107,0.304168,0.693036,0.00116,0.000277,0.037705187087549406
303,0.003758,0.010526,0.078144,0.761049,0.146409,0.0001,1.5e-05,0.006419414293223157
304,5.8e-05,0.000196,0.00201,0.426788,0.570468,0.000394,8.5e-05,0.0315375655070685
305,0.0,9e-06,0.000329,0.0634,0.92921,0.005744,0.001308,0.050037979599825345
306,1.2e-05,6.4e-05,0.001602,0.336391,0.661868,5.4e-05,8e-06,0.036000535279614776
307,1e-06,7e-06,0.000185,0.170314,0.829297,0.000177,2e-05,0.04428851063786776
308,0.000641,0.001005,0.009232,0.524247,0.461161,0.003025,0.000689,0.02615327203853118
309,1e-06,4e-06,2.9e-05,0.094731,0.894601,0.008355,0.002279,0.04881615013908576
310,4e-06,2.1e-05,0.000156,0.115441,0.866608,0.014251,0.003519,0.04832127053589932
311,2e-06,3e-06,0.000118,0.202104,0.791998,0.004935,0.00084,0.04314514670064267
312,0.0,0.0,1.1e-05,0.100306,0.897855,0.001672,0.000155,0.047851861937884224
313,5.5e-05,0.000115,0.000937,0.192066,0.783815,0.017453,0.005559,0.04492919942807138
314,1e-06,3e-06,4.1e-05,0.052016,0.944668,0.002934,0.000337,0.05032124312720337
315,0.0,1e-06,7e-06,0.048927,0.947284,0.003353,0.000428,0.05051450672369017
316,0.0,3e-06,4.2e-05,0.030095,0.965611,0.0035,0.000749,0.05148323448892455
317,2.7e-05,0.000105,0.001785,0.276015,0.719728,0.001995,0.000346,0.039104945706077705
318,1.2e-05,6.9e-05,0.000583,0.14902,0.848422,0.001456,0.000437,0.045421795059062596
319,1e-06,3e-06,0.000119,0.111216,0.887555,0.000977,0.000129,0.04725836406023308
320,1e-06,5e-06,4.8e-05,0.035833,0.954586,0.008211,0.001316,0.051576655024810694
321,6.3e-05,9.5e-05,0.003622,0.707887,0.288279,4.7e-05,6e-06,0.017589758215761676
322,0.000129,0.000283,0.004401,0.631023,0.364036,0.000112,1.6e-05,0.021260048618145004
323,0.000115,0.000196,0.00917,0.827626,0.162868,2.2e-05,2e-06,0.011205243187132565
324,0.000155,0.00027,0.007328,0.813725,0.178496,2.3e-05,2e-06,0.012031838303801813
325,0.000301,0.000729,0.012891,0.81608,0.169964,3.3e-05,3e-06,0.011342809799787058
326,0.003497,0.012233,0.109767,0.720309,0.15398,0.000182,3.2e-05,0.005485869332657399
327,0.000247,0.001266,0.020687,0.905516,0.072283,0.0,0.0,0.006213163932162211
328,6.5e-05,0.000216,0.006876,0.864314,0.128493,3.2e-05,4e-06,0.009615870753750623
329,0.00109,0.003864,0.054241,0.780338,0.160306,0.000136,2.6e-05,0.00892808512040037
330,0.002306,0.007527,0.052452,0.752159,0.18548,6.2e-05,1.4e-05,0.009767563300588316
331,0.020869,0.191583,0.570471,0.207371,0.009689,1.5e-05,3e-06,-0.03550636991841815
332,0.017549,0.183027,0.592308,0.206155,0.000954,8e-06,0.0,-0.035652456933897535
333,0.000149,0.000255,0.013743,0.847013,0.138821,1.6e-05,3e-06,0.009838452605141759
334,0.01684,0.1299,0.468264,0.355882,0.029062,4.1e-05,1.2e-05,-0.025366152265353596
335,0.004725,0.001221,0.034212,0.770673,0.188918,0.000153,9.8e-05,0.010784473444033268
336,0.005193,0.014899,0.098515,0.709586,0.171698,8.9e-05,2e-05,0.00632876467324885
337,0.005931,0.013991,0.063354,0.723942,0.19212,0.000497,0.000165,0.008725730828446203
338,0.000257,0.000604,0.002088,0.347113,0.648001,0.0017,0.000236,0.035451796477583015
339,0.00042,0.001109,0.018665,0.63184,0.3476,0.00032,4.5e-05,0.019824058752014918
340,0.000806,0.002413,0.030853,0.571479,0.393615,0.000717,0.000117,0.021510423192755392
341,0.000309,0.000978,0.036871,0.862021,0.099818,3e-06,0.0,0.006947988935018862
342,0.000681,0.001121,0.028151,0.751081,0.218595,0.000308,6.2e-05,0.013091279585088334
343,5e-06,2.7e-05,0.004571,0.884238,0.11116,1e-06,0.0,0.008874129317824856
344,0.001651,0.005394,0.081346,0.797103,0.114491,1.4e-05,1e-06,0.005413270434346157
345,0.000278,0.000585,0.010772,0.5467,0.440869,0.000619,0.000176,0.024821233133710808
346,0.0,1e-06,1e-06,0.016396,0.973806,0.008568,0.001229,0.05254746866791433
347,1.3e-05,1.7e-05,6.2e-05,0.113076,0.866089,0.016771,0.003972,0.04866340807647045
348,0.0,0.0,1.1e-05,0.1253,0.87405,0.00057,6.8e-05,0.046543746201833644
349,0.0,0.0,0.0,0.018231,0.981652,0.000108,1e-05,0.05175849777717655
350,7e-06,1.3e-05,0.000766,0.758682,0.24053,3e-06,0.0,0.015367327078196016
351,8.4e-05,0.000161,0.005597,0.811135,0.183,2.1e-05,2e-06,0.01233834982109927
352,5e-05,6.1e-05,0.003611,0.829489,0.166766,2.1e-05,2e-06,0.011631826573414914
353,0.00051,0.002599,0.064851,0.808749,0.123269,2e-05,2e-06,0.006862918140097922
354,0.000335,0.000724,0.018287,0.834269,0.146352,3e-05,3e-06,0.009970362679571635
355,0.000167,0.000318,0.008615,0.869602,0.121293,5e-06,1e-06,0.009168964777169171
356,0.004221,0.054599,0.453578,0.471907,0.015684,9e-06,1e-06,-0.017951168030373398
357,0.000439,0.001247,0.024424,0.804113,0.169748,2.6e-05,3e-06,0.010824474197767848
358,0.000524,0.001051,0.012997,0.765117,0.220222,7.9e-05,9e-06,0.013752635689779746
359,0.006714,0.016425,0.112774,0.690396,0.17289,0.000668,0.000135,0.005580451301910831
360,0.000655,0.002014,0.037972,0.816164,0.143149,4.1e-05,5e-06,0.008906728934957902
361,0.01113,0.036513,0.098129,0.670253,0.183292,0.000547,0.000136,0.004488033466183589
362,0.002098,0.005705,0.056528,0.759733,0.175827,9.4e-05,1.6e-05,0.00930718088541911
363,0.000145,0.00024,0.014287,0.914289,0.071034,5e-06,0.0,0.006492904762215483
364,0.003818,0.011729,0.135943,0.739344,0.108868,0.000268,3e-05,0.0022571455518082535
365,1.1e-05,1.3e-05,0.000631,0.59902,0.40016,0.000145,2e-05,0.023220092149086734
366,0.0,0.0,4.4e-05,0.5952,0.404746,8e-06,1e-06,0.023451496810928223
367,0.000163,0.000522,0.00367,0.178303,0.803104,0.010722,0.003516,0.04460590982654828
368,9.3e-05,0.000691,0.001742,0.40734,0.589893,0.000215,2.6e-05,0.03242784750829196
369,7e-06,1.5e-05,0.000652,0.541825,0.457483,1.7e-05,1e-06,0.026013067620277087
370,0.0,2e-06,6.9e-05,0.055172,0.941965,0.002307,0.000484,0.0501412340810497
371,4e-06,3.2e-05,0.000227,0.081011,0.916363,0.002023,0.000339,0.04881957105922864
372,0.000622,0.001568,0.026252,0.805741,0.165803,1.4e-05,2e-06,0.010507429128703385
373,4.3e-05,5.1e-05,0.004396,0.845787,0.149722,1e-06,0.0,0.010764645367623895
374,1e-06,1e-06,3.4e-05,0.624344,0.375617,4e-06,0.0,0.02202251287526649
375,1.6e-05,2.7e-05,0.002346,0.799097,0.198513,1e-06,0.0,0.01324280055011065
376,0.000324,0.000574,0.020979,0.865366,0.112711,4.3e-05,4e-06,0.00823057109311059
377,1e-06,1e-06,0.000127,0.508318,0.491526,2.4e-05,3e-06,0.02770604430186381
378,0.003503,0.009846,0.031354,0.798287,0.156884,0.000111,1.5e-05,0.008839509182172408
379,0.025176,0.160572,0.507072,0.294294,0.012808,6.6e-05,1.2e-05,-0.031196456587166774
380,0.001571,0.004755,0.055142,0.776085,0.162388,5.1e-05,7e-06,0.008844470716464395
381,2.5e-05,0.0001,0.005427,0.868415,0.126032,2e-06,0.0,0.009561928931173852
382,0.001729,0.004283,0.068208,0.773327,0.152372,7.1e-05,1e-05,0.00786085803411418
383,0.001997,0.004968,0.05636,0.759949,0.176607,0.000101,1.6e-05,0.009422889872799265
384,0.001128,0.00184,0.014791,0.815183,0.166936,0.000105,1.6e-05,0.010925621417796101
385,0.012372,0.024109,0.089426,0.607794,0.259478,0.005344,0.001476,0.010084529846104482
386,6e-06,1.5e-05,0.00044,0.403839,0.595596,9.1e-05,1.2e-05,0.03280503502767709
387,3e-06,2e-06,0.000286,0.522571,0.476934,0.000184,1.9e-05,0.027004883643248875
388,1.4e-05,1.6e-05,0.000398,0.35202,0.646688,0.000746,0.000119,0.03540407824491548
389,0.0,0.0,3.5e-05,0.251417,0.748297,0.000223,2.8e-05,0.040329258167250616
390,1e-06,3e-06,3.1e-05,0.119357,0.877955,0.002284,0.00037,0.04698130800510114
391,0.0,1e-06,1e-05,0.025423,0.970597,0.003521,0.000448,0.05168028891967481
392,1e-06,6e-06,3.6e-05,0.051388,0.941045,0.006221,0.001303,0.05068346831590363
393,0.000161,0.000533,0.007628,0.578902,0.412345,0.000369,6.1e-05,0.02351746537448305
394,5.9e-05,7.8e-05,0.002199,0.48911,0.507768,0.000704,8.2e-05,0.02849892250124696
395,2.2e-05,7.5e-05,0.006061,0.829013,0.16482,7e-06,0.0,0.011442413436131529
396,6e-06,1e-05,0.000234,0.393375,0.606103,0.000236,3.6e-05,0.03334933834018035
397,9e-06,1.4e-05,0.001002,0.74086,0.25811,4e-06,0.0,0.01622005111033164
398,0.000765,0.00166,0.022699,0.768323,0.206438,0.000101,1.5e-05,0.012622308369518302
399,8.7e-05,0.000258,0.009063,0.866687,0.123903,2e-06,0.0,0.009295361307478473
400,0.001272,0.004912,0.072584,0.824852,0.096358,2.1e-05,2e-06,0.0049572175275687125
401,0.005987,0.023357,0.177347,0.703697,0.08953,7.1e-05,1.1e-05,-0.0015160593632650785
402,0.002122,0.006741,0.072348,0.763431,0.15524,0.000104,1.3e-05,0.007602823195255054
403,0.00094,0.00244,0.041356,0.815096,0.14013,3.4e-05,4e-06,0.008552323833792423
404,0.002792,0.006148,0.05482,0.743582,0.192302,0.000299,5.5e-05,0.010075835322772854
405,0.009922,0.032542,0.126264,0.694033,0.136963,0.000226,5.1e-05,0.001548522634668371
406,0.000309,0.00054,0.011216,0.750012,0.237774,0.000131,1.8e-05,0.014760069380869751
407,1.6e-05,2.4e-05,0.00163,0.765257,0.233067,5e-06,0.0,0.014965855569499174
408,3.2e-05,4.2e-05,0.002177,0.656136,0.341558,4.7e-05,7e-06,0.02026745800454052
409,0.00019,0.000351,0.011597,0.812727,0.17511,2.3e-05,2e-06,0.011688814740820388
410,8.9e-05,0.000102,0.004157,0.749173,0.246385,8.3e-05,1.1e-05,0.015515047473189105
411,0.000166,0.000257,0.005217,0.831463,0.162865,2.9e-05,3e-06,0.011347435370136846
412,0.000474,0.001318,0.023817,0.825167,0.149206,1.6e-05,2e-06,0.009828828588970644
413,0.0059,0.032951,0.197656,0.706256,0.057174,5.4e-05,8e-06,-0.004599936403444358
414,0.000803,0.002814,0.032205,0.806961,0.157199,1.6e-05,2e-06,0.009734481190497758
415,0.000308,0.000747,0.019305,0.794593,0.184995,4.8e-05,5e-06,0.011830613844101192
416,0.000131,0.000277,0.008626,0.79769,0.193258,1.6e-05,2e-06,0.012707619381980414
417,1.2e-05,2.1e-05,0.000298,0.273726,0.724717,0.000926,0.0003,0.03928591770900571
418,8.7e-05,0.00017,0.007701,0.729652,0.262357,2.8e-05,5e-06,0.016148645151795097
419,0.001062,0.002961,0.025921,0.750939,0.218945,0.000146,2.5e-05,0.012976067410431304
420,0.008595,0.02983,0.154224,0.659374,0.147378,0.00048,0.000119,0.001413550930802423
421,0.003602,0.007716,0.036804,0.681193,0.268731,0.001588,0.000367,0.014486730791524807
422,0.000354,0.000667,0.010095,0.839482,0.149364,3.4e-05,4e-06,0.010438206763365508
423,0.000383,0.000598,0.018452,0.759349,0.221135,7.5e-05,8e-06,0.013639774730162237
424,2e-06,3e-06,0.00082,0.853039,0.146135,1e-06,0.0,0.010737214556208009
425,5.2e-05,9.7e-05,0.003515,0.82097,0.175363,2e-06,0.0,0.012051655667848908
426,0.0,1e-06,0.000161,0.827545,0.172292,0.0,0.0,0.012045904494440852
427,0.000118,0.001203,0.035257,0.860236,0.103157,2.7e-05,2e-06,0.007188815850917364
428,9e-06,2.3e-05,0.003196,0.913932,0.082839,0.0,0.0,0.007538190906064401
429,0.002777,0.026306,0.186793,0.680628,0.10344,4.7e-05,1e-05,-0.0009506293449780453
430,0.000383,0.005718,0.213374,0.76714,0.013384,0.0,0.0,-0.004509731538138982
431,0.00406,0.186353,0.754907,0.054527,0.000154,0.0,0.0,-0.04026299936730509
432,0.029684,0.244129,0.658439,0.067285,0.000449,1.4e-05,1e-06,-0.04461460553945984
433,0.028251,0.236527,0.650717,0.083358,0.001102,4e-05,5e-06,-0.04349785075669975
434,0.065005,0.340091,0.445902,0.147394,0.001486,9.9e-05,2.4e-05,-0.04870529833704588
435,0.022069,0.251704,0.601551,0.124403,0.00027,3e-06,0.0,-0.0418597345473722
436,0.056844,0.270199,0.542053,0.125646,0.004255,0.000861,0.000143,-0.045752151359425425
437,0.005575,0.142304,0.75041,0.101699,1.2e-05,1e-06,0.0,-0.03701766614703229
438,0.016252,0.153605,0.669524,0.159661,0.000931,2.4e-05,3e-06,-0.03625247889490379
439,0.017037,0.061406,0.273454,0.539679,0.107148,0.001014,0.000261,-0.008715868468201049
440,1.5e-05,3e-05,0.001938,0.841424,0.156588,4e-06,0.0,0.01120283757104569
441,0.003395,0.011217,0.078217,0.737493,0.169583,8.3e-05,1.3e-05,0.007552589494589625
442,6e-06,2.4e-05,0.001555,0.766688,0.231724,2e-06,0.0,0.014904038249563822
443,3.6e-05,7.2e-05,0.001459,0.443329,0.554426,0.000561,0.000116,0.03080912777931967
444,0.000476,0.001017,0.018714,0.803513,0.176148,0.000114,1.8e-05,0.011384398890100667
445,0.001149,0.006413,0.112863,0.808037,0.071526,1e-05,2e-06,0.002080078206139385
446,0.003448,0.00992,0.085388,0.757577,0.142959,0.000603,0.000104,0.0061327715215987655
447,0.00032,0.001293,0.005736,0.519488,0.472567,0.000493,0.000103,0.026485181617009666
448,0.000284,0.001042,0.017252,0.30649,0.661636,0.010255,0.003041,0.03694975296492855
449,0.0002,0.000859,0.022389,0.732696,0.243825,2.8e-05,3e-06,0.014600917121618045
450,5.6e-05,9.7e-05,0.001878,0.56063,0.436796,0.000474,6.9e-05,0.02500134698123226
451,0.000138,0.000215,0.006194,0.492897,0.499412,0.000955,0.000189,0.027958993391457417
452,7.5e-05,0.000155,0.006754,0.797529,0.195475,1.1e-05,1e-06,0.012905690265768332
453,5e-06,7e-06,0.000248,0.630729,0.368962,4.5e-05,5e-06,0.021692327808499078
454,0.0,0.0,5.8e-05,0.701855,0.298086,1e-06,0.0,0.018219221506273427
455,0.0,1e-06,0.000661,0.77839,0.220947,1e-06,0.0,0.014412724679875017
456,0.010392,0.2729,0.687406,0.028654,0.000647,1e-06,0.0,-0.04503922985398674
457,0.001022,0.002184,0.070826,0.703212,0.221876,0.000784,9.7e-05,0.011525742831572056
458,0.018211,0.235093,0.617044,0.12663,0.002983,3.3e-05,6e-06,-0.04050923264149124
459,0.036142,0.237076,0.598418,0.128212,0.000146,6e-06,0.0,-0.042725195992362866
460,0.054365,0.371305,0.548664,0.025505,0.000151,9e-06,1e-06,-0.053543000389128535
461,0.13447,0.835175,0.030194,0.000158,2e-06,0.0,0.0,-0.08001406785774244
462,0.000596,0.000873,0.025915,0.816204,0.156327,7.5e-05,1e-05,0.010120043059408852
463,0.001088,0.009902,0.127219,0.739222,0.122536,2.9e-05,5e-06,0.0037745497334784684
464,0.007101,0.025168,0.164273,0.591483,0.210551,0.001174,0.00025,0.004793052734442612
465,0.040366,0.093077,0.313259,0.553144,0.000152,3e-06,0.0,-0.021486113884442846
466,0.057902,0.220172,0.419606,0.263975,0.036102,0.001603,0.00064,-0.03567411296724757
467,0.001554,0.00871,0.173578,0.690551,0.12556,3.9e-05,7e-06,0.0021450736242265385
468,0.020961,0.097371,0.138869,0.583364,0.157692,0.001315,0.000427,-0.004224209677976762
469,0.003372,0.006146,0.020783,0.330812,0.614637,0.017588,0.006662,0.03512353113420576
470,5e-06,5e-06,0.001229,0.790727,0.208029,5e-06,0.0,0.01375657419936224
471,3e-06,6e-06,8.8e-05,0.169799,0.828448,0.001376,0.00028,0.04443163856618531
472,0.0,0.0,0.0,0.037962,0.961351,0.000647,3.9e-05,0.05082940092688359
473,7.8e-05,0.000118,0.000455,0.060515,0.770952,0.142176,0.025706,0.06198986201727666
474,0.00091,0.000206,3.1e-05,0.001953,0.047161,0.769585,0.180154,0.12434318077907566
475,3e-06,2e-06,0.0,0.000162,0.045838,0.77818,0.175815,0.12467150792369167
476,0.0,0.0,2e-05,0.072373,0.92733,0.000238,3.9e-05,0.04911347246255617
477,0.0,1e-06,6.3e-05,0.075415,0.923644,0.000799,7.7e-05,0.04900150467667978
478,3e-06,2e-06,0.0,0.000224,0.02674,0.760759,0.212272,0.12795338549665053
479,0.000169,0.00015,0.000179,0.04006,0.126804,0.693936,0.138703,0.11265771248786582
480,0.0,0.0,0.0,0.020459,0.959666,0.017486,0.002389,0.05307026089899737
481,0.0,0.0,0.0,0.00891,0.990884,0.000192,1.4e-05,0.05222152066947245
482,0.0,0.0,1e-06,0.039556,0.960375,6.3e-05,6e-06,0.05070918217024265
483,0.0,0.0,4e-06,0.017631,0.973859,0.007399,0.001107,0.05239572700645298
484,1e-06,4e-06,0.000179,0.194244,0.802536,0.002729,0.000308,0.04331709582208316
485,1.7e-05,7e-05,0.000631,0.147959,0.846653,0.003946,0.000724,0.045665642654733996
486,2.9e-05,6.5e-05,0.001042,0.232932,0.75919,0.005589,0.001152,0.04161951348463326
487,0.000218,0.001134,0.000955,0.125976,0.830146,0.032174,0.009397,0.04943517816817272
488,0.0,0.0,3.1e-05,0.480493,0.519473,2e-06,0.0,0.029077529205772144
489,0.0,1e-06,0.000121,0.284448,0.715367,5.8e-05,4e-06,0.03868797164753841
490,1e-06,1.5e-05,0.00027,0.057761,0.935668,0.005258,0.001027,0.0502530216036039
491,8e-06,3.5e-05,0.000786,0.201941,0.795734,0.001194,0.000302,0.04278024400000994
