,y_Tp5_PriceChg_c0,y_Tp5_PriceChg_c1,y_Tp5_PriceChg_c2,y_Tp5_PriceChg_c3,y_Tp5_PriceChg_c4,y_Tp5_PriceChg_c5,y_Tp5_PriceChg_c6,pc_pred
0,7e-06,7e-06,0.137267,0.861842,0.000867,9e-06,0.0,0.009269976561210426
1,2.1e-05,1.2e-05,0.152034,0.844027,0.003885,2.1e-05,1e-06,0.008609060481042683
2,0.000582,0.000345,0.248373,0.743594,0.006995,9.9e-05,1.3e-05,0.003442928449209432
3,0.008049,0.009128,0.261847,0.632738,0.07809,0.008358,0.001789,0.004461194915404882
4,1e-06,1e-06,0.086511,0.912903,0.000583,1e-06,0.0,0.011981824136960459
5,0.001076,0.001722,0.120499,0.58314,0.246304,0.042811,0.004449,0.025188695411458965
6,0.004193,0.004308,0.188896,0.607889,0.148923,0.040686,0.005105,0.016254222171558537
7,0.011253,0.009301,0.011168,0.062526,0.08103,0.700299,0.124422,0.1002903248883753
8,0.016327,0.012031,0.009181,0.033748,0.364318,0.441392,0.123003,0.08831055279645865
9,4.7e-05,3.8e-05,0.003687,0.211533,0.599936,0.1733,0.011459,0.060314934793257675
10,0.000641,0.001107,0.011557,0.11827,0.434067,0.400026,0.034332,0.07649192760228136
11,0.001288,0.00057,0.000299,0.004585,0.047664,0.736745,0.208849,0.12010511578877608
12,3.1e-05,9e-06,4e-06,0.000653,0.135057,0.713417,0.150829,0.11219249821738206
13,0.0012,0.000514,0.000558,0.001348,0.018497,0.76752,0.210363,0.12183164939967298
14,0.000179,0.00012,4.1e-05,0.000393,0.049076,0.865266,0.084924,0.11052739076998397
15,0.001165,0.000676,6.9e-05,0.000805,0.048108,0.711706,0.237472,0.12285044921286681
16,9.3e-05,5.9e-05,2e-06,1.1e-05,0.001706,0.704697,0.293433,0.13010334830895717
17,0.0,1e-06,3e-06,3e-05,0.028024,0.902273,0.06967,0.110316414262184
18,3.5e-05,0.00011,0.000148,0.001671,0.073633,0.833307,0.091095,0.10984810288751994
19,6.1e-05,6.8e-05,0.002269,0.098546,0.588915,0.280342,0.029798,0.07260702699724671
20,0.000293,0.00056,0.006422,0.175059,0.56355,0.226569,0.027547,0.0659776329352122
21,1.7e-05,4.6e-05,0.00114,0.131423,0.70733,0.15245,0.007593,0.06267308068078085
22,1.5e-05,1.9e-05,0.002589,0.198842,0.681515,0.115179,0.001842,0.05714315734476794
23,0.000109,9.2e-05,0.143457,0.841743,0.01419,0.000381,2.7e-05,0.009535030111323811
24,0.000814,0.000601,0.262392,0.719867,0.015779,0.000478,6.9e-05,0.003048350601245475
25,2.1e-05,8e-06,0.171701,0.826978,0.001284,7e-06,1e-06,0.007438197362338332
26,0.001934,0.001354,0.242262,0.708236,0.041876,0.0035,0.000838,0.005385777381049326
27,0.000481,0.000679,0.214866,0.712821,0.067888,0.00302,0.000244,0.008208190650789525
28,0.000362,0.000481,0.178172,0.745838,0.067689,0.006932,0.000526,0.010611694053651288
29,0.000762,0.000928,0.16493,0.698251,0.117398,0.016205,0.001527,0.014389329736710572
30,0.000479,0.000871,0.161715,0.742406,0.085514,0.008464,0.000551,0.012353819371838083
31,3e-05,2.1e-05,0.149922,0.838825,0.011072,0.000122,8e-06,0.009047247220971997
32,4.1e-05,4e-05,0.183522,0.813435,0.002944,1.8e-05,1e-06,0.006870694610186339
33,0.000622,0.000345,0.411359,0.586035,0.001603,3.3e-05,3e-06,-0.005555006678184713
34,0.006311,0.005447,0.572799,0.407186,0.007602,0.000603,5.1e-05,-0.01555910109841058
35,0.002491,0.003018,0.90366,0.090762,6.3e-05,7e-06,0.0,-0.03270872961552548
36,0.020006,0.021487,0.631846,0.314015,0.010226,0.002122,0.000298,-0.02290292352578072
37,0.000812,0.001338,0.59914,0.393473,0.005021,0.000208,8e-06,-0.015618770357521631
38,0.004512,0.004243,0.270365,0.668601,0.045046,0.005779,0.001455,0.0035021452241630036
39,0.003039,0.003052,0.892705,0.100955,0.000225,2.4e-05,0.0,-0.03221698614748904
40,0.001872,0.001374,0.57405,0.420875,0.00174,8.4e-05,6e-06,-0.014627759035356666
41,0.000926,0.001064,0.708791,0.28914,7.8e-05,2e-06,0.0,-0.021727498787758773
42,0.010459,0.008811,0.270699,0.626173,0.066897,0.013068,0.003893,0.003871361454856408
43,0.001042,0.000573,0.544334,0.451662,0.002214,0.000162,1.2e-05,-0.012754477367200246
44,0.000363,0.000267,0.437222,0.560282,0.001837,2.8e-05,2e-06,-0.006875887816167727
45,0.003912,0.002826,0.655967,0.334661,0.002355,0.000262,1.8e-05,-0.019529254109515358
46,0.000137,4.5e-05,0.263058,0.734023,0.002664,6.7e-05,6e-06,0.0025779083379109
47,0.00131,0.001109,0.49612,0.498343,0.00302,9.3e-05,6e-06,-0.010253736960129966
48,0.002553,0.004108,0.285901,0.669894,0.03557,0.001783,0.000191,0.0020515599559429508
49,0.000132,7.7e-05,0.500334,0.499224,0.000229,3e-06,0.0,-0.010270152319683513
50,0.000841,0.001044,0.496341,0.49961,0.002127,3.6e-05,1e-06,-0.010217019675312076
51,0.006067,0.006226,0.809137,0.17825,0.000294,2.5e-05,1e-06,-0.028672745509342484
52,0.00489,0.004453,0.874967,0.115605,7.5e-05,9e-06,0.0,-0.03178379398872232
53,0.001077,0.000707,0.864966,0.133186,6.1e-05,3e-06,0.0,-0.030091711217949235
54,0.006296,0.00634,0.809241,0.177637,0.000436,4.7e-05,3e-06,-0.02872567074558517
55,0.00226,0.001108,0.958364,0.038251,1.4e-05,3e-06,0.0,-0.03537091904975777
56,0.000124,3.4e-05,0.222909,0.773483,0.003322,0.000117,1.2e-05,0.004770355584952113
57,0.002112,0.001936,0.333263,0.630481,0.029707,0.002208,0.000293,-0.0003471211137818439
58,0.032894,0.034678,0.660584,0.267814,0.003081,0.000799,0.00015,-0.028877926158652048
59,0.001059,0.000981,0.282834,0.707018,0.007846,0.00021,5.2e-05,0.0014830422623964702
60,0.061813,0.042529,0.308914,0.573659,0.011452,0.001011,0.000621,-0.015803275223648897
61,0.001995,0.000851,0.266536,0.714569,0.015139,0.000718,0.000192,0.0025931813702943594
62,0.000453,0.000231,0.277757,0.71473,0.006691,0.000124,1.4e-05,0.0018928996521808956
63,0.0007,0.000398,0.760125,0.238742,3.4e-05,1e-06,0.0,-0.02436108933941268
64,2e-06,2e-06,0.088296,0.9094,0.002284,1.6e-05,0.0,0.01196221065261985
65,2.9e-05,3e-05,0.088282,0.855932,0.0465,0.008914,0.000313,0.01475494561806235
66,0.000427,0.000339,0.110855,0.760037,0.113091,0.013803,0.001448,0.017005913873516364
67,8.9e-05,0.000133,0.128001,0.828752,0.041461,0.001478,8.7e-05,0.011675634682201124
68,3.4e-05,1.8e-05,0.001823,0.192273,0.670379,0.119127,0.016347,0.05954287313646595
69,0.00015,0.000128,0.236957,0.748935,0.013534,0.000277,1.9e-05,0.0044668698563817355
70,0.000496,0.000456,0.149244,0.644982,0.185172,0.016291,0.003359,0.018654270137890866
71,9.9e-05,7.1e-05,0.103563,0.805126,0.085318,0.005302,0.00052,0.015345219685957147
72,0.000169,0.000339,0.313629,0.635203,0.049396,0.001133,0.00013,0.002003239432890951
73,0.001029,0.001561,0.24256,0.648549,0.098556,0.006753,0.000993,0.008330753223266306
74,7.1e-05,2.6e-05,0.151979,0.844078,0.003763,7.5e-05,8e-06,0.008601748046004158
75,0.000193,7e-05,0.338496,0.660241,0.000982,1.6e-05,1e-06,-0.0015626695597264525
76,0.000829,0.000486,0.887788,0.110889,7e-06,0.0,0.0,-0.03124640330406122
77,0.006832,0.006451,0.888408,0.098101,0.000181,2.6e-05,1e-06,-0.0330986472184774
78,0.008178,0.005556,0.917215,0.068989,4.9e-05,1.2e-05,0.0,-0.03478926598396157
79,0.010429,0.016688,0.832836,0.139931,0.000107,9e-06,1e-06,-0.03203075569521244
80,0.012871,0.009445,0.88193,0.095543,0.000161,4.9e-05,2e-06,-0.03422299264215988
81,0.013624,0.024943,0.792617,0.16738,0.001131,0.000292,1.3e-05,-0.03139374078842836
82,0.01096,0.010779,0.872723,0.10539,0.000122,2.5e-05,1e-06,-0.03354521361948168
83,0.095132,0.12431,0.29292,0.41403,0.047087,0.017915,0.008605,-0.026578149918653975
84,0.003214,0.003932,0.910318,0.082483,4.9e-05,4e-06,0.0,-0.03331102749613577
85,0.003372,0.003982,0.863414,0.129028,0.000185,1.9e-05,0.0,-0.03082219176321539
86,0.015701,0.024307,0.77118,0.187763,0.000904,0.000136,9e-06,-0.030571652382510788
87,0.009474,0.007466,0.89291,0.090029,9.8e-05,2.2e-05,1e-06,-0.03395278542201769
88,0.007042,0.006709,0.885161,0.101018,6.3e-05,7e-06,0.0,-0.03300151953664315
89,0.009679,0.009384,0.904483,0.076305,0.000122,2.7e-05,0.0,-0.03484402202760108
90,0.000843,0.000355,0.978046,0.020756,0.0,0.0,0.0,-0.036075969521166235
91,0.0017,0.000721,0.921059,0.076517,2e-06,0.0,0.0,-0.03322021500092463
92,4.7e-05,3.5e-05,0.842476,0.157441,1e-06,0.0,0.0,-0.02861698842716157
93,0.118995,0.204312,0.675958,0.000735,0.0,0.0,0.0,-0.06643050584158738
94,0.092278,0.142384,0.658006,0.104762,0.001826,0.000642,0.000101,-0.05285420803533161
95,0.160227,0.333181,0.462957,0.040649,0.001882,0.000805,0.0003,-0.07808409725584436
96,0.010328,0.01334,0.802394,0.172185,0.001626,0.00012,7e-06,-0.029892386193921195
97,0.000194,0.000209,0.935875,0.063721,2e-06,0.0,0.0,-0.03367634357597921
98,0.001562,0.001459,0.872931,0.124014,3.2e-05,2e-06,0.0,-0.030701170598758824
99,0.000569,0.000333,0.9542,0.044894,3e-06,0.0,0.0,-0.03474346950953247
100,0.00184,0.002279,0.871191,0.124548,0.000131,1.1e-05,0.0,-0.030753693483271095
101,0.000566,0.000506,0.929742,0.069174,1.2e-05,1e-06,0.0,-0.033451241885817065
102,6e-06,9e-06,0.001864,0.096153,0.7732,0.127385,0.001382,0.06224345116117085
103,0.000598,0.000679,0.92236,0.076325,3.5e-05,2e-06,0.0,-0.03308107679799347
104,0.027922,0.04298,0.753288,0.175176,0.00057,5.8e-05,6e-06,-0.03415443205041353
105,0.020161,0.021275,0.770711,0.186103,0.001397,0.000335,1.8e-05,-0.03095373486090488
106,0.000344,9.7e-05,0.448498,0.549909,0.001134,1.8e-05,1e-06,-0.0074887732981176415
107,0.001733,0.002113,0.899044,0.09708,2.7e-05,2e-06,0.0,-0.03221364118463854
108,0.026282,0.026381,0.925809,0.021328,0.000143,5.5e-05,2e-06,-0.04110446369050398
109,0.008434,0.013852,0.903814,0.073866,2.9e-05,4e-06,0.0,-0.035131044743101976
110,0.009667,0.007636,0.925537,0.057142,1.7e-05,3e-06,0.0,-0.035764912326068383
111,0.041704,0.065646,0.556334,0.330753,0.004756,0.000614,0.000193,-0.02861450151531389
112,5.7e-05,6.8e-05,0.148511,0.803622,0.046272,0.001386,8.4e-05,0.010792740332558403
113,1.2e-05,1.2e-05,0.174238,0.825457,0.00028,1e-06,0.0,0.007258190457839282
114,0.000513,0.000678,0.037107,0.525089,0.376607,0.05631,0.003696,0.036722590933163914
115,0.000301,0.00039,0.25527,0.724086,0.019465,0.000426,6.2e-05,0.0037072885281502843
116,0.004186,0.00464,0.469308,0.481285,0.036116,0.004115,0.000349,-0.007894128678027317
117,2e-05,1.2e-05,0.163732,0.833573,0.00265,1.2e-05,1e-06,0.007926236978267916
118,0.000127,0.00018,0.169812,0.782145,0.046258,0.001421,5.6e-05,0.009621008520675028
119,9.2e-05,0.00013,0.066842,0.635875,0.268849,0.026906,0.001308,0.027477969160351712
120,1e-06,2e-06,0.000181,0.104975,0.792691,0.099357,0.002793,0.060940199354813304
121,0.000255,0.000302,0.009037,0.234629,0.577273,0.168841,0.009662,0.058248973155326136
122,1.1e-05,1.4e-05,0.000632,0.092327,0.723095,0.178781,0.00514,0.06532675925374737
123,2.5e-05,3.2e-05,0.002228,0.17936,0.649904,0.156198,0.012253,0.06121665835168093
124,6e-06,8e-06,0.007471,0.461003,0.503945,0.027212,0.000354,0.040940071649174736
125,8.5e-05,0.000106,0.100102,0.74861,0.140806,0.009745,0.000547,0.018380815413716764
126,0.000404,0.000527,0.088118,0.611916,0.252647,0.04347,0.002919,0.027270187943200675
127,0.000431,0.000538,0.01843,0.352402,0.496784,0.124183,0.007232,0.04972733838848598
128,0.00034,0.00075,0.101227,0.638188,0.234641,0.02351,0.001343,0.023704232540644472
129,0.000218,0.000409,0.065538,0.581943,0.325151,0.024977,0.001765,0.029884186078095083
130,0.00018,0.000605,0.134633,0.663294,0.190877,0.010209,0.000202,0.01864307664844339
131,8.8e-05,8.8e-05,0.141006,0.830021,0.027756,0.000987,5.4e-05,0.010328749431208695
132,0.000412,0.000312,0.301024,0.695979,0.002214,5.4e-05,5e-06,0.00043664843650352135
133,1.7e-05,1.6e-05,0.153754,0.840607,0.005566,3.8e-05,2e-06,0.008592936708255759
134,0.000293,0.00025,0.240969,0.755165,0.003255,6.2e-05,6e-06,0.0037350905288139388
135,1.7e-05,9e-06,0.099667,0.897252,0.003026,2.7e-05,1e-06,0.011382414688415969
136,0.000153,0.000262,0.063867,0.62422,0.290481,0.019959,0.001059,0.02790319481794158
137,0.009196,0.007556,0.295261,0.601706,0.076198,0.007891,0.002193,0.0025942773781555207
138,0.000342,0.000356,0.21216,0.759398,0.026772,0.000847,0.000125,0.006388064023614704
139,0.000507,0.000176,0.196859,0.785808,0.015997,0.000526,0.000128,0.006696730174536375
140,0.000631,0.000663,0.194681,0.748797,0.051266,0.003512,0.000449,0.008610731621344857
141,0.000105,0.000191,0.142625,0.816834,0.038944,0.001246,5.5e-05,0.010743597082744322
142,0.000235,0.000134,0.175445,0.806592,0.01705,0.000478,6.5e-05,0.007932028622356535
143,0.000403,0.000359,0.209836,0.739882,0.047201,0.002099,0.00022,0.007531504256585448
144,0.000863,0.000967,0.24794,0.71651,0.030706,0.002637,0.000378,0.004675225992063749
145,0.00077,0.000907,0.182501,0.726206,0.078998,0.009578,0.00104,0.011076689298326104
146,7.8e-05,2.7e-05,0.158963,0.835365,0.005499,6.2e-05,6e-06,0.008300791223651629
147,2e-05,1.7e-05,0.128973,0.85919,0.011462,0.000325,1.2e-05,0.010209566011069685
148,0.002293,0.00211,0.208717,0.654756,0.115984,0.013706,0.002434,0.011485984116212778
149,7.5e-05,0.000105,0.17804,0.792188,0.028689,0.000853,5e-05,0.008370610562601752
150,9e-06,2.7e-05,0.109976,0.83441,0.054358,0.001198,2.2e-05,0.013203767650894645
151,0.000469,0.000364,0.223816,0.749041,0.025314,0.000878,0.000119,0.0056757505346432605
152,3.8e-05,5.1e-05,0.154492,0.823419,0.021569,0.000415,1.7e-05,0.009288230397092341
153,0.001672,0.001913,0.352899,0.632287,0.010786,0.000385,5.8e-05,-0.0023559079833663206
154,6.1e-05,4.2e-05,0.194553,0.798583,0.00666,9.6e-05,5e-06,0.006446675941153404
155,8e-06,1e-06,0.168892,0.830945,0.000153,1e-06,0.0,0.007541490867170985
156,0.000849,0.00051,0.224045,0.736825,0.035415,0.001945,0.000411,0.006167553929608268
157,5.8e-05,2.7e-05,0.132809,0.857366,0.009533,0.000192,1.5e-05,0.009899034735824198
158,0.000102,5.5e-05,0.225748,0.772076,0.001993,2.4e-05,2e-06,0.004550774569784936
159,0.000128,6.9e-05,0.477545,0.521793,0.000455,1e-05,0.0,-0.009035102425904913
160,0.000333,0.000168,0.456849,0.542296,0.000348,6e-06,0.0,-0.007979455169142809
161,1.5e-05,5e-06,0.230546,0.769001,0.000431,2e-06,0.0,0.004244111564033259
162,0.000751,0.000444,0.410604,0.586471,0.001685,4.1e-05,4e-06,-0.005545737232040109
163,0.000743,0.000766,0.249533,0.722137,0.025125,0.001468,0.000229,0.004259855674641105
164,0.000256,0.000275,0.199364,0.773191,0.02604,0.000779,9.6e-05,0.007056901108096518
165,0.000404,0.000542,0.201118,0.712222,0.07997,0.005312,0.000432,0.009747123075561172
166,0.000107,0.000174,0.156802,0.785725,0.053626,0.003423,0.000144,0.010842611237725504
167,0.001427,0.001339,0.243774,0.675847,0.071549,0.005174,0.000888,0.006867917625606483
168,0.000112,0.000175,0.084331,0.656076,0.240034,0.018424,0.000848,0.024422016286047205
169,0.000295,0.000254,0.292585,0.677542,0.027708,0.001499,0.000116,0.0021919377351381814
170,0.001379,0.001937,0.248193,0.612651,0.123229,0.011023,0.001588,0.009491542728606793
171,0.000411,0.000152,0.582005,0.41704,0.000377,1.4e-05,1e-06,-0.014704747622063518
172,0.000336,0.000103,0.374528,0.623765,0.001238,2.7e-05,3e-06,-0.0035135383110472015
173,0.00105,0.000867,0.60121,0.396372,0.000489,1.2e-05,1e-06,-0.01593486092454683
174,0.000326,0.000177,0.361513,0.636197,0.001748,3.5e-05,3e-06,-0.0027992063405063313
175,0.000155,6.7e-05,0.455661,0.54385,0.000264,3e-06,0.0,-0.007874711201199602
176,0.008944,0.007151,0.438778,0.527405,0.01594,0.001495,0.000287,-0.008570816070942204
177,0.005108,0.004902,0.718564,0.270278,0.00106,8.2e-05,7e-06,-0.02343569741593548
178,0.003278,0.002925,0.534209,0.455294,0.003975,0.000292,2.7e-05,-0.012816469791794391
179,0.001246,0.001295,0.919715,0.077741,3e-06,0.0,0.0,-0.03313478525017162
180,0.022692,0.021325,0.531451,0.397024,0.023497,0.003324,0.000687,-0.01722895941744859
181,0.001533,0.001222,0.361197,0.633714,0.002246,7.6e-05,1.2e-05,-0.003103982129949093
182,0.000491,0.00016,0.689721,0.309603,2.5e-05,1e-06,0.0,-0.02051664063947354
183,0.003402,0.002136,0.716167,0.277792,0.000464,3.7e-05,2e-06,-0.02268781707453789
184,0.000475,0.000522,0.226616,0.740262,0.031415,0.000648,6.2e-05,0.005744238636365373
185,0.000611,0.000772,0.432898,0.562367,0.003298,5.1e-05,3e-06,-0.006684272139749677
186,0.004648,0.006171,0.346253,0.495121,0.13167,0.013377,0.002759,0.003898567992923767
187,0.000956,0.000712,0.213856,0.731348,0.049282,0.003172,0.000675,0.007437379010513526
188,0.000587,0.00046,0.088424,0.672496,0.203076,0.031593,0.003364,0.024056558254706976
189,0.003005,0.001202,0.677534,0.317176,0.000992,8.7e-05,5e-06,-0.020399897391694864
190,6e-06,8e-06,0.15878,0.83842,0.002779,6e-06,0.0,0.008199960700778023
191,0.008273,0.003438,0.399891,0.577324,0.010646,0.000361,6.7e-05,-0.006281122880657166
192,0.004279,0.002459,0.664531,0.328517,0.000195,1.7e-05,3e-06,-0.02013113396320408
193,0.008133,0.001378,0.276047,0.706912,0.006831,0.000298,0.000403,0.0005244914568596556
194,0.000674,0.000434,0.498875,0.499577,0.000427,1.3e-05,1e-06,-0.010325027570203902
195,0.031994,0.041913,0.438042,0.403319,0.068746,0.012992,0.002993,-0.013177481960328526
196,0.002263,0.002318,0.312333,0.666145,0.015895,0.000935,0.000112,-5.3207699250724876e-05
197,0.009425,0.004691,0.215947,0.704784,0.057529,0.005333,0.00229,0.006121373584763904
198,0.00134,0.001126,0.409318,0.581989,0.00597,0.000236,2.2e-05,-0.0054582518541354446
199,2.2e-05,3.7e-05,0.066772,0.728901,0.195682,0.007954,0.000631,0.0224674635922331
200,3e-05,2.1e-05,0.136328,0.826299,0.036079,0.001122,0.000121,0.010989747106516738
201,0.000242,0.000234,0.222632,0.735364,0.039506,0.00183,0.000192,0.0065210634032523565
202,3.1e-05,7.8e-05,0.026453,0.390116,0.544928,0.034879,0.003515,0.042947492636991116
203,4.5e-05,7.1e-05,0.00964,0.3032,0.57212,0.108471,0.006453,0.052118492115397964
204,0.004313,0.011227,0.002231,0.05772,0.229221,0.640849,0.054439,0.09098113849409824
205,0.000128,6.2e-05,1e-06,5e-06,0.002539,0.019102,0.978165,0.18709024100847146
206,0.00024,0.000249,0.001822,0.014311,0.133381,0.817308,0.032688,0.10084208492656002
207,0.014375,0.002094,0.000125,0.000718,0.004289,0.405909,0.57249,0.14882627346027977
208,2e-06,4e-06,0.0,8e-06,0.010204,0.856298,0.133483,0.11643477838997127
209,0.004087,0.003897,0.00012,0.000394,0.040917,0.770247,0.180337,0.11696738980548842
210,7.6e-05,0.000227,0.000103,0.001576,0.223656,0.670272,0.10409,0.10415647489224478
211,0.000593,0.000844,0.001143,0.006057,0.051287,0.763113,0.176964,0.11716611775523114
212,0.0,1e-06,3.9e-05,0.023175,0.583978,0.383817,0.00899,0.07816708843459885
213,4.6e-05,5.7e-05,0.004692,0.205031,0.671568,0.115564,0.003042,0.056821965936540354
214,1.5e-05,5.7e-05,0.027205,0.573804,0.370621,0.027613,0.000686,0.034078300868577265
215,7.5e-05,6.5e-05,0.005231,0.124603,0.645584,0.209688,0.014754,0.06605313865861004
216,1.4e-05,2e-05,0.001541,0.105219,0.725877,0.160763,0.006566,0.06403867583588663
217,4.8e-05,7e-05,0.0015,0.135378,0.564517,0.266821,0.031666,0.07068925847933603
218,0.000158,0.000486,0.012099,0.22859,0.643523,0.108678,0.006466,0.055089478916088716
219,2.3e-05,2.1e-05,0.001431,0.114774,0.715862,0.159471,0.008418,0.06380468233359407
220,6e-06,1.6e-05,0.001467,0.121609,0.770419,0.103954,0.00253,0.06024952610657393
221,5.7e-05,0.000133,0.003994,0.205887,0.615049,0.159136,0.015745,0.06042861014835623
222,0.000855,0.001469,0.042273,0.359671,0.499474,0.088854,0.007403,0.04525432367884152
223,1e-06,2e-06,0.000213,0.084233,0.801667,0.109267,0.004617,0.06253328342095102
224,0.000113,0.000331,0.008794,0.236078,0.684302,0.067015,0.003367,0.052845013392187085
225,0.00016,0.000217,0.010958,0.394969,0.499819,0.089976,0.0039,0.04672588775512448
226,0.000136,0.000225,0.141536,0.742007,0.10821,0.007477,0.00041,0.014468320162840482
227,7.4e-05,0.000125,0.004945,0.149461,0.697487,0.138088,0.009819,0.061117226692346434
228,5.9e-05,0.000109,0.008295,0.228025,0.692591,0.066484,0.004437,0.05341206547406689
229,6e-06,5e-06,0.000205,0.09172,0.75965,0.144698,0.003717,0.0636812354738253
230,0.001011,0.001452,0.199708,0.639693,0.140164,0.015993,0.001978,0.013478067397841836
231,0.001334,0.001267,0.035574,0.274232,0.425951,0.234637,0.027006,0.058685274111557606
232,1.6e-05,2.8e-05,0.001167,0.091659,0.730774,0.167833,0.008523,0.06524171461850801
233,7.7e-05,0.000188,0.104706,0.791556,0.095511,0.007686,0.000276,0.015894376660709416
234,0.000443,0.001063,0.17291,0.695105,0.120828,0.008988,0.000663,0.013362069205843827
235,0.000344,0.000712,0.101265,0.649693,0.228525,0.018295,0.001166,0.022940391499825075
236,0.000276,0.000646,0.169762,0.73391,0.088495,0.006509,0.000402,0.011918377261956168
237,0.000133,0.000478,0.012818,0.231277,0.659566,0.092921,0.002807,0.053728728264093466
238,0.000384,0.000423,0.055423,0.536034,0.362211,0.041915,0.00361,0.033860253678209364
239,0.006508,0.007871,0.227962,0.660143,0.082364,0.012308,0.002844,0.007438354390431862
240,0.001631,0.001277,0.261468,0.708397,0.025646,0.001232,0.000349,0.0034168726787340586
241,0.000184,0.000268,0.195458,0.736077,0.064709,0.003068,0.000234,0.009216277759755377
242,0.000485,0.000693,0.210689,0.701446,0.080877,0.005137,0.000673,0.009266335305995972
243,0.000313,0.000481,0.190626,0.753823,0.051246,0.003262,0.000248,0.008851001730550262
244,0.000233,0.000211,0.177099,0.788673,0.031814,0.001833,0.000138,0.008619787044303297
245,0.001345,0.001507,0.277738,0.685623,0.032743,0.000924,0.000121,0.0028150045233943048
246,0.004061,0.004075,0.31011,0.662788,0.017698,0.000917,0.00035,-0.0003591473851448912
247,0.000822,0.000776,0.259383,0.714599,0.023366,0.000902,0.000152,0.003574190138548875
248,0.004345,0.003945,0.674961,0.316259,0.000466,2.2e-05,2e-06,-0.02087193968036147
249,0.000304,0.000184,0.337642,0.658668,0.003149,4.9e-05,4e-06,-0.0014519389599890044
250,0.001145,0.001018,0.224281,0.737303,0.034024,0.001931,0.000299,0.005956618063663211
251,0.000299,0.000277,0.269111,0.72711,0.003146,5.3e-05,5e-06,0.0022149961726591213
252,0.000148,8.8e-05,0.186737,0.809858,0.003137,3e-05,4e-06,0.006682837988833746
253,0.000783,0.000221,0.308591,0.687029,0.003276,8.7e-05,1.3e-05,2.4913592879612846e-05
254,0.00011,4.5e-05,0.15252,0.812602,0.033467,0.001139,0.000116,0.009988653681921233
255,0.000922,0.00055,0.388253,0.607301,0.002898,6.7e-05,8e-06,-0.004334261197883289
256,0.00011,0.000103,0.186593,0.808992,0.004117,7.4e-05,1e-05,0.0067438973836266
257,0.000432,0.000221,0.337188,0.65947,0.00264,4.4e-05,5e-06,-0.0014783324400948971
258,9.4e-05,9.8e-05,0.142903,0.813798,0.041116,0.001858,0.000134,0.010906195624020587
259,0.000157,0.000308,0.17922,0.783262,0.035992,0.000994,6.8e-05,0.008605725815795443
260,0.002046,0.003047,0.236682,0.671315,0.078131,0.007374,0.001404,0.007502374028672341
261,8.9e-05,0.000132,0.170205,0.798928,0.029795,0.000822,3e-05,0.008827775695234436
262,0.000183,0.000259,0.190875,0.763904,0.043049,0.001639,9.2e-05,0.008354938946520408
263,0.003326,0.005489,0.270642,0.636849,0.076811,0.006058,0.000825,0.004871986291151181
264,3.1e-05,4.4e-05,0.109626,0.835279,0.052551,0.002405,6.5e-05,0.013251701294000997
265,0.000358,0.000608,0.160911,0.693417,0.13248,0.011248,0.000978,0.014847471700141938
266,0.000389,0.000329,0.201938,0.752271,0.042377,0.002443,0.000253,0.007784803980617306
267,1.1e-05,1e-05,0.160421,0.837181,0.002369,8e-06,0.0,0.008092840256884191
268,0.001614,0.001357,0.24194,0.686346,0.062179,0.005477,0.001087,0.006577355406924307
269,0.000188,0.000128,0.171758,0.796292,0.030292,0.001215,0.000127,0.008800487664573217
270,0.001142,0.001483,0.254337,0.704609,0.036319,0.001804,0.000306,0.004379037724859542
271,5.8e-05,3e-05,0.150498,0.842579,0.006745,8.3e-05,7e-06,0.008815350480503954
272,0.000535,0.000465,0.232182,0.750034,0.015844,0.000839,0.000101,0.00477759871400098
273,0.000524,0.000196,0.296798,0.699787,0.002654,3.6e-05,5e-06,0.0006748226645373856
274,0.002517,0.002276,0.257164,0.678935,0.054421,0.003981,0.000705,0.004940771862577747
275,0.001287,0.001358,0.225744,0.727713,0.040743,0.002759,0.000396,0.00619789126403018
276,0.03555,0.03854,0.390128,0.463542,0.058108,0.010506,0.003627,-0.011429727370109789
277,0.00153,0.001049,0.299233,0.682332,0.014785,0.000887,0.000183,0.000897883007297752
278,0.000189,9.8e-05,0.338103,0.660472,0.001128,1e-05,1e-06,-0.0015383197678904604
279,0.000922,0.000593,0.218943,0.762729,0.016169,0.000534,0.00011,0.005390008474280238
280,0.004031,0.003129,0.429652,0.544218,0.017663,0.001134,0.000173,-0.006664811159204418
281,0.002181,0.001527,0.52558,0.469344,0.001314,4.9e-05,5e-06,-0.012124641845300318
282,0.000359,0.000111,0.058321,0.653843,0.262645,0.021037,0.003684,0.027500846233905498
283,0.000104,0.00019,0.024069,0.429418,0.471702,0.069105,0.005413,0.04319389264940355
284,0.000314,0.000541,0.026167,0.245844,0.663073,0.058576,0.005486,0.05052568201236244
285,0.001615,0.002413,0.083433,0.45979,0.353479,0.086862,0.012408,0.03702889582509662
286,8.9e-05,0.000236,0.010722,0.180768,0.640865,0.158934,0.008386,0.059902114047737015
287,0.001262,0.00311,0.119973,0.489674,0.329872,0.05033,0.005779,0.02960422184125379
288,0.000247,0.000327,0.05321,0.394098,0.450153,0.090078,0.011887,0.04362263242556405
289,0.000364,0.000389,0.007913,0.165991,0.592475,0.204443,0.028425,0.06536120874945231
290,0.000201,0.000239,0.011828,0.20408,0.640203,0.135018,0.008431,0.05766755073829063
291,0.000264,0.000481,0.00635,0.176204,0.620669,0.167566,0.028465,0.06341559619380487
292,4.3e-05,3.5e-05,0.004773,0.098205,0.607903,0.273497,0.015544,0.0702497702431112
293,0.0,0.0,5e-06,0.033333,0.860918,0.101232,0.00451,0.06442670231064382
294,0.000308,0.00061,0.008279,0.189022,0.549335,0.229618,0.022829,0.06469952082178275
295,0.001019,0.002734,0.029919,0.31726,0.55183,0.086082,0.011156,0.0484451863466186
296,4e-06,3e-06,0.00053,0.100925,0.79591,0.100367,0.00226,0.06106109901613261
297,0.000319,0.000866,0.123742,0.636032,0.221782,0.016037,0.001222,0.02123068882981804
298,0.000331,0.000611,0.126279,0.755571,0.103412,0.01283,0.000966,0.01556539445039253
299,0.001006,0.000909,0.233675,0.700648,0.0595,0.003577,0.000686,0.006830106856719048
300,0.000781,0.000428,0.282278,0.706333,0.009604,0.000507,7e-05,0.001738603146938112
301,0.00045,0.000418,0.191363,0.760183,0.045653,0.001737,0.000196,0.008402038387865685
302,0.000389,0.000574,0.012958,0.268241,0.592344,0.113206,0.012288,0.054137848039042126
303,0.001767,0.001476,0.352192,0.598925,0.042942,0.002421,0.000277,-0.0006425387525603186
304,0.00685,0.010246,0.288988,0.430885,0.233495,0.023944,0.005592,0.011998058339811365
305,0.000454,0.00056,0.036165,0.451032,0.409362,0.096914,0.005512,0.04217927751772682
306,4e-05,5.9e-05,0.14498,0.847563,0.007279,7.5e-05,4e-06,0.009133530216005686
307,0.000124,9.4e-05,0.163328,0.816199,0.019417,0.000753,8.6e-05,0.008740118431947575
308,0.002545,0.002052,0.266896,0.683414,0.041157,0.003434,0.000502,0.0037712114287926377
309,1.5e-05,2.5e-05,0.005868,0.264348,0.612173,0.113548,0.004023,0.05413462933471613
310,2.7e-05,2.9e-05,0.014358,0.391781,0.525056,0.066316,0.002434,0.04534260834925538
311,2e-06,4e-06,0.001323,0.160614,0.748988,0.08636,0.002709,0.057774749767157046
312,1.9e-05,1.7e-05,0.004631,0.248327,0.622651,0.120176,0.004179,0.05528200458644583
313,6.3e-05,8.6e-05,0.001087,0.073368,0.648659,0.252192,0.024545,0.07189013055426237
314,0.000141,9.6e-05,0.041606,0.457421,0.448503,0.048634,0.003598,0.03909435983889765
315,4.3e-05,6.7e-05,0.012985,0.293195,0.633795,0.058121,0.001794,0.0493700421636646
316,8.6e-05,0.000224,0.123895,0.65925,0.187684,0.027722,0.001139,0.02086534171992666
317,0.001051,0.001306,0.049649,0.436287,0.432857,0.070137,0.008713,0.040457066536472935
318,0.001168,0.001174,0.087966,0.638341,0.236354,0.031371,0.003626,0.025382566067681488
319,0.000212,0.00039,0.094873,0.724111,0.168173,0.0116,0.00064,0.019993546581450253
320,3.7e-05,6.1e-05,0.097249,0.759254,0.138002,0.005167,0.00023,0.017961388160419832
321,0.000119,0.000326,0.184608,0.756294,0.056261,0.002321,7e-05,0.009335269363816602
322,0.005374,0.007522,0.303398,0.644724,0.034223,0.004295,0.000465,0.00039046295708978595
323,0.000678,0.000695,0.286434,0.693062,0.018331,0.000701,9.9e-05,0.0019096601552566475
324,4.8e-05,2.9e-05,0.522099,0.4778,2.5e-05,0.0,0.0,-0.01142590455480685
325,0.000285,0.000224,0.495305,0.503565,0.000614,7e-06,0.0,-0.01002895652420315
326,0.036556,0.043642,0.613956,0.297323,0.007037,0.001222,0.000265,-0.027909453215092944
327,0.001751,0.000889,0.863422,0.133893,4.1e-05,3e-06,0.0,-0.030155633414695935
328,0.004962,0.002331,0.919967,0.072734,5e-06,1e-06,0.0,-0.03395630121520402
329,0.010687,0.004623,0.677558,0.300368,0.005686,0.000936,0.000143,-0.021921163927240854
330,0.000178,0.000186,0.857518,0.13952,0.002445,0.000151,1e-06,-0.02934494416650756
331,5.6e-05,9.2e-05,0.215444,0.767822,0.01641,0.000171,5e-06,0.0057579173262390145
332,0.000595,0.000438,0.639884,0.35889,0.000186,7e-06,0.0,-0.01788806521191716
333,0.000659,0.000675,0.433525,0.564996,0.000144,1e-06,0.0,-0.006859160257283197
334,0.002676,0.002672,0.779177,0.214812,0.000637,2.5e-05,1e-06,-0.025994349938878145
335,0.001509,0.000974,0.307379,0.689657,0.000465,1.4e-05,2e-06,-0.00026769023161848915
336,0.000999,0.000751,0.524064,0.474147,3.8e-05,1e-06,0.0,-0.01179325964722385
337,0.001915,0.00199,0.295839,0.68877,0.010998,0.000395,9.3e-05,0.0006678943819563678
338,0.000885,0.000632,0.453023,0.543577,0.001839,4.2e-05,3e-06,-0.007862468248966331
339,6e-06,6e-06,0.110722,0.884431,0.004799,3.5e-05,1e-06,0.010870691999111452
340,0.002262,0.001472,0.268258,0.666081,0.055933,0.005289,0.000704,0.004673673855912037
341,6.9e-05,9.2e-05,0.175019,0.809305,0.015256,0.000246,1.3e-05,0.007881589727651616
342,0.000119,7.2e-05,0.143054,0.827492,0.028308,0.000829,0.000126,0.010237838376434657
343,2e-05,2e-05,0.133813,0.860745,0.005375,2.4e-05,2e-06,0.009652108789097301
344,6.3e-05,7.6e-05,0.187029,0.805926,0.006836,6.8e-05,3e-06,0.006850799901099574
345,0.000714,0.001183,0.226419,0.730557,0.039579,0.001423,0.000125,0.0060708601679671645
346,0.002554,0.0023,0.286892,0.597928,0.096608,0.011841,0.001876,0.006102188084422408
347,0.000238,0.000269,0.039925,0.572392,0.325681,0.058306,0.003189,0.03451311197255137
348,1.1e-05,4.9e-05,0.079963,0.804551,0.111129,0.00421,8.6e-05,0.017598011067263563
349,0.000142,0.000199,0.148831,0.763773,0.077082,0.009338,0.000635,0.012908940920686372
350,6.6e-05,0.000106,0.157532,0.782202,0.057028,0.002914,0.000152,0.010925486419465369
351,5e-06,3e-06,0.06182,0.928103,0.009718,0.000324,2.6e-05,0.01374234293879709
352,4.4e-05,9.8e-05,0.169065,0.803788,0.026535,0.00045,2.1e-05,0.008722637100351711
353,4.2e-05,5.5e-05,0.167106,0.823103,0.009537,0.000147,9e-06,0.008053499937982688
354,0.000199,9.7e-05,0.433901,0.565623,0.000179,1e-06,0.0,-0.006722868958442447
355,0.000332,0.000235,0.393847,0.603621,0.001937,2.5e-05,2e-06,-0.004534944365642067
356,0.003848,0.002917,0.457537,0.529501,0.00575,0.000402,4.4e-05,-0.008715202523845876
357,0.003576,0.004465,0.328216,0.628519,0.033015,0.001934,0.000276,-0.0005347502743186233
358,0.000453,0.00034,0.230964,0.755609,0.012275,0.00032,4e-05,0.004658827903504724
359,0.00269,0.001732,0.489455,0.503193,0.002696,0.000214,2e-05,-0.010226455306976906
360,0.001065,0.000604,0.407479,0.588121,0.002607,0.00011,1.5e-05,-0.005406411774963957
361,0.001663,0.001326,0.57521,0.420367,0.00131,0.000114,1e-05,-0.014661438758213885
362,0.000295,0.000236,0.183436,0.805191,0.010587,0.000228,2.7e-05,0.007165549755515965
363,0.000339,0.000262,0.294616,0.698254,0.006359,0.000154,1.6e-05,0.0009938395483360756
364,0.000675,0.000573,0.291461,0.702391,0.004784,0.000106,1e-05,0.0009886488993109568
365,7.7e-05,7.8e-05,0.172652,0.788848,0.037159,0.001069,0.000118,0.009067718905500951
366,0.000198,0.000286,0.163033,0.770669,0.061083,0.004478,0.000253,0.010920147069925085
367,1e-06,3e-06,0.075344,0.86808,0.055693,0.000869,1e-05,0.015093855488431337
368,0.00064,0.001397,0.172336,0.63279,0.172587,0.018651,0.001599,0.0166251427038906
369,0.000967,0.001617,0.231616,0.689302,0.071712,0.004278,0.000508,0.007432503212554166
370,0.000162,0.000244,0.190776,0.742867,0.063161,0.002596,0.000195,0.009357311007444944
371,0.000159,0.000421,0.193421,0.759268,0.044629,0.002011,9.2e-05,0.008305930501697575
372,0.001251,0.000606,0.300163,0.682489,0.014556,0.000787,0.000146,0.0009277945413809768
373,0.001272,0.001016,0.324715,0.671875,0.001094,2.4e-05,5e-06,-0.0011302698244844251
374,5.6e-05,8.1e-05,0.163231,0.819752,0.016591,0.000273,1.5e-05,0.008579486376475784
375,0.024996,0.019662,0.27051,0.592638,0.080753,0.007027,0.004415,5.373156771627265e-05
376,0.000946,0.001085,0.294976,0.678394,0.023059,0.001399,0.000142,0.0016330917725447046
377,0.003065,0.004377,0.359042,0.5764,0.053323,0.00336,0.000432,-0.0010332273147143696
378,0.002696,0.000868,0.812074,0.18417,0.000183,9e-06,0.0,-0.027564607098851314
379,0.009155,0.007454,0.539303,0.428164,0.01454,0.001185,0.000199,-0.01414470701307315
380,0.000257,0.000177,0.72646,0.273088,1.7e-05,0.0,0.0,-0.02244744783860943
381,0.001181,0.000881,0.415952,0.581323,0.000647,1.4e-05,1e-06,-0.006013675533063008
382,0.000136,5.8e-05,0.400931,0.598201,0.000664,1e-05,1e-06,-0.004915172374732174
383,0.002553,0.001848,0.675351,0.319461,0.000749,3.6e-05,2e-06,-0.02029447933048275
384,0.000209,0.000153,0.160916,0.817481,0.020579,0.000605,5.6e-05,0.008879652784964788
385,0.003111,0.003726,0.248889,0.678388,0.059906,0.005098,0.000882,0.005471266361844181
386,0.000103,0.000148,0.185226,0.785135,0.028746,0.000608,3.4e-05,0.007952579071813223
387,5.9e-05,0.000106,0.162228,0.796413,0.040007,0.00115,3.7e-05,0.009745914103121875
388,0.003318,0.005077,0.278877,0.600769,0.097965,0.01182,0.002174,0.006162695285012454
389,6.6e-05,0.000105,0.146576,0.804452,0.046915,0.001807,7.8e-05,0.01095528692961965
390,0.000187,0.000382,0.017526,0.374009,0.524727,0.080347,0.002823,0.04640405466611353
391,3e-06,4e-06,0.001454,0.148832,0.746509,0.101213,0.001984,0.05885758198639502
392,0.000254,0.000437,0.038688,0.477206,0.412277,0.066672,0.004466,0.03934697884081629
393,0.002409,0.003823,0.247399,0.630652,0.102992,0.010997,0.001729,0.008243282222649946
394,0.000607,0.000708,0.204142,0.729951,0.059952,0.004167,0.000474,0.00854840927835628
395,0.000222,0.000292,0.168209,0.766167,0.061017,0.003816,0.000277,0.01057948663360608
396,1e-05,2.4e-05,0.103171,0.865087,0.030328,0.00135,3e-05,0.0125226901663925
397,0.000243,0.000399,0.178292,0.780556,0.038543,0.001846,0.00012,0.008826219487151033
398,0.009872,0.011573,0.311083,0.617051,0.045551,0.00418,0.00069,-0.0008125369805871941
399,0.00081,0.000605,0.186673,0.749901,0.056433,0.004734,0.000844,0.009419955374034438
400,0.000246,0.000313,0.388665,0.604681,0.005982,0.000109,4e-06,-0.004064144752364099
401,0.002207,0.002855,0.728382,0.265669,0.00085,3.6e-05,2e-06,-0.023194707574740007
402,0.00191,0.001871,0.471519,0.521155,0.003354,0.000174,1.7e-05,-0.009112998426775404
403,0.000739,0.000549,0.588785,0.409659,0.000263,6e-06,0.0,-0.015183041984040833
404,0.000551,0.000364,0.351086,0.643328,0.004558,0.000103,1e-05,-0.002172459858893487
405,0.0029,0.003664,0.301099,0.645803,0.043426,0.002664,0.000444,0.0016958115920299283
406,0.000828,0.001563,0.197676,0.710768,0.081359,0.00717,0.000635,0.00999147163540786
407,0.000397,0.000348,0.412314,0.577368,0.00929,0.000258,2.5e-05,-0.0052019677086178944
408,0.000568,0.000935,0.262401,0.702816,0.032239,0.000921,0.000119,0.003827334735436729
409,0.001179,0.00117,0.282375,0.684875,0.029282,0.000965,0.000154,0.002494258840066183
410,0.000489,0.000354,0.242996,0.744802,0.010762,0.00053,6.7e-05,0.003961496586025401
411,0.000223,0.000122,0.182142,0.795983,0.02071,0.000729,9.1e-05,0.007764907368713621
412,0.000997,0.001177,0.340833,0.648498,0.008329,0.000146,2e-05,-0.0016312615027168809
413,0.017281,0.005937,0.407892,0.55683,0.010214,0.001309,0.000538,-0.008521283192775573
414,0.004676,0.002253,0.674159,0.317917,0.00093,5.7e-05,7e-06,-0.0206587290397091
415,0.001215,0.001695,0.29776,0.67663,0.021453,0.001089,0.000159,0.0012642935900040839
416,0.001632,0.003046,0.27591,0.633083,0.078284,0.007392,0.000654,0.005352759133191641
417,0.001966,0.000949,0.480887,0.513524,0.002551,0.000109,1.5e-05,-0.009554995182073879
418,0.001383,0.000839,0.271387,0.710743,0.014923,0.000638,8.8e-05,0.002412058035336583
419,0.00069,0.000603,0.36544,0.626867,0.006128,0.000244,2.8e-05,-0.0029122509980588425
420,0.002169,0.001607,0.300582,0.674517,0.020294,0.000702,0.000129,0.0008576995450285011
421,0.01562,0.007211,0.614072,0.345906,0.013778,0.002946,0.000467,-0.019143206304355783
422,0.004027,0.00297,0.243846,0.66829,0.067715,0.00973,0.003422,0.006862086840774668
423,0.009892,0.006957,0.52515,0.433311,0.021541,0.00254,0.000609,-0.012959159182866439
424,0.000377,0.000368,0.301114,0.672089,0.0252,0.000779,7.3e-05,0.001522992267073193
425,0.012144,0.010799,0.401647,0.549333,0.023385,0.002248,0.000444,-0.007187752356716491
426,0.001747,0.000412,0.200513,0.774868,0.020983,0.001077,0.000401,0.006560819066612126
427,0.009867,0.004672,0.692993,0.292018,0.000427,2e-05,2e-06,-0.022943156319956432
428,0.009405,0.012653,0.850764,0.12677,0.000333,7.2e-05,4e-06,-0.03229634650409857
429,0.026702,0.033746,0.844241,0.095212,7.6e-05,2.2e-05,2e-06,-0.037709602863501605
430,0.023772,0.012085,0.940369,0.023617,8.7e-05,6.7e-05,2e-06,-0.0396822650411911
431,0.01545,0.011099,0.940105,0.033322,1.4e-05,1e-05,0.0,-0.03802961185430553
432,0.012957,0.011188,0.889679,0.086039,0.000103,3.2e-05,1e-06,-0.03487148857111998
433,0.012971,0.01498,0.811458,0.160254,0.000288,4.7e-05,3e-06,-0.031129990655577058
434,0.00114,0.001597,0.955094,0.042163,5e-06,0.0,0.0,-0.03505033368193918
435,0.004019,0.003486,0.914821,0.077661,1.1e-05,2e-06,0.0,-0.0336477606374415
436,0.011552,0.009995,0.897002,0.081329,9.9e-05,2.3e-05,1e-06,-0.03486200674897106
437,0.002193,0.002333,0.94199,0.053478,5e-06,0.0,0.0,-0.03463024759363087
438,0.012099,0.013042,0.827052,0.147009,0.000665,0.000127,7e-06,-0.03154574656564627
439,0.000777,0.000565,0.842149,0.156498,1e-05,0.0,0.0,-0.02879766166124927
440,0.000114,0.000325,0.177254,0.74472,0.074762,0.002713,0.000112,0.010590213885168016
441,0.001397,0.001713,0.707423,0.287612,0.001768,8.4e-05,3e-06,-0.021737246630972602
442,0.000261,0.000129,0.176766,0.809446,0.012877,0.00046,6.2e-05,0.007670597498066172
443,0.000373,0.000359,0.299238,0.692199,0.007645,0.000173,1.4e-05,0.0007859417741617517
444,0.001217,0.001193,0.466323,0.529052,0.002149,6.2e-05,4e-06,-0.008689794699166305
445,0.002473,0.001627,0.649504,0.345758,0.000613,2.2e-05,2e-06,-0.01887331748873419
446,0.001287,0.001281,0.320466,0.633978,0.04069,0.002076,0.000222,0.001031825396020622
447,3e-05,3.3e-05,0.100814,0.881564,0.017172,0.000371,1.7e-05,0.011973803665534195
448,7.1e-05,7.3e-05,0.131669,0.844007,0.023482,0.000669,2.9e-05,0.010613227852214979
449,0.004826,0.006766,0.254373,0.643215,0.08312,0.006635,0.001065,0.005685361144374502
450,0.00084,0.000968,0.219683,0.703492,0.069486,0.004959,0.000572,0.008148698544683553
451,8.1e-05,0.000106,0.068283,0.679845,0.229997,0.020325,0.001363,0.025112220584815822
452,0.00111,0.000946,0.21375,0.705872,0.069616,0.007392,0.001314,0.008770867070774943
453,0.00098,0.002037,0.184234,0.669302,0.133632,0.009046,0.000767,0.013125707417187146
454,0.00669,0.008212,0.228075,0.552925,0.176585,0.023379,0.004133,0.012728275678927769
455,0.000672,0.000625,0.159061,0.701561,0.121152,0.015333,0.001595,0.01485743579369301
456,0.027404,0.017467,0.704796,0.242686,0.004298,0.002542,0.000808,-0.027820151346045277
457,0.000368,0.000728,0.305094,0.685575,0.008126,0.000104,5e-06,0.0004411605292291637
458,0.000112,0.000129,0.159072,0.838044,0.002606,3.1e-05,6e-06,0.0081457227054316
459,0.005727,0.002488,0.92931,0.062438,3.2e-05,5e-06,0.0,-0.034615548935379443
460,0.009231,0.013053,0.907624,0.070078,1.3e-05,1e-06,0.0,-0.03538515795746903
461,0.006054,0.006555,0.908908,0.07838,8.3e-05,2e-05,0.0,-0.03407353850392806
462,0.003117,0.002582,0.770971,0.223114,0.0002,1.5e-05,1e-06,-0.02564418681119679
463,0.000909,0.000993,0.850457,0.147623,1.7e-05,1e-06,0.0,-0.02931944268449932
464,0.000235,8.5e-05,0.658496,0.341135,4.7e-05,1e-06,0.0,-0.018784241999621976
465,0.019869,0.017726,0.446698,0.500474,0.013146,0.001665,0.000422,-0.012375394417033019
466,3e-06,1e-06,0.133619,0.866071,0.000305,1e-06,0.0,0.009441653601809187
467,0.002193,0.00227,0.506937,0.481355,0.006856,0.000351,3.8e-05,-0.010939839154081163
468,6.9e-05,5.1e-05,0.317228,0.681533,0.001106,1.3e-05,0.0,-0.00039143809549682716
469,2.7e-05,1.8e-05,0.229875,0.767994,0.002074,1.2e-05,1e-06,0.004349971155644536
470,5e-06,1.3e-05,0.088842,0.829069,0.080592,0.001452,2.7e-05,0.015522295824050349
471,2.3e-05,0.000125,0.031178,0.355058,0.585722,0.026518,0.001376,0.04337686426965138
472,1.8e-05,2.3e-05,0.002323,0.136553,0.72383,0.130769,0.006484,0.061216200168145066
