,y_Tp6_PriceChg_c0,y_Tp6_PriceChg_c1,y_Tp6_PriceChg_c2,y_Tp6_PriceChg_c3,y_Tp6_PriceChg_c4,y_Tp6_PriceChg_c5,y_Tp6_PriceChg_c6,pc_pred
0,0.00019,0.00084,0.179423,0.800758,0.01727,0.001505,1.4e-05,0.007397760019221026
1,5.5e-05,0.000378,0.338122,0.658587,0.002535,0.000312,1e-05,-0.0019297527073818268
2,0.000504,0.002616,0.249397,0.730011,0.015074,0.002326,7.2e-05,0.0033049304790345162
3,0.000475,0.002364,0.40185,0.570447,0.022621,0.002149,9.4e-05,-0.0046306284260832
4,0.000119,0.000679,0.164704,0.783753,0.046082,0.004585,7.7e-05,0.00981695595972489
5,0.001381,0.006924,0.106278,0.520135,0.22486,0.132796,0.007627,0.03320951223133065
6,0.003799,0.010033,0.004132,0.029087,0.005675,0.791206,0.156068,0.11619609301875053
7,0.015815,0.003208,0.018715,0.02582,0.029895,0.83135,0.075197,0.10385429802961517
8,6e-06,6e-05,0.001306,0.206782,0.493791,0.29594,0.002115,0.0660322185804932
9,0.000162,0.000575,0.011478,0.2467,0.461037,0.270628,0.00942,0.062947409981023
10,0.0,1e-06,0.0,0.001319,0.340924,0.645372,0.012384,0.09329571066799291
11,1.5e-05,2e-05,8e-06,0.003651,0.035731,0.817381,0.143194,0.1196843422008918
12,0.000623,0.000698,0.001199,0.009018,0.040294,0.775234,0.172934,0.12127076486882778
13,7.2e-05,0.000122,0.000829,0.016154,0.309124,0.641294,0.032405,0.09513510732346436
14,0.000416,0.000159,5.1e-05,0.001871,0.011683,0.80035,0.185469,0.1247874073206377
15,0.005035,0.001049,0.002465,0.007099,0.012274,0.836393,0.135685,0.11782796604448913
16,0.000742,0.000416,0.000452,0.007587,0.029831,0.748661,0.212311,0.125712724873692
17,0.021234,0.002717,0.00778,0.030053,0.196804,0.649235,0.092177,0.09741621366323411
18,0.000821,0.001195,0.009125,0.079333,0.419954,0.433757,0.055815,0.08464193189882185
19,0.000147,0.000675,0.002698,0.207348,0.566992,0.212703,0.009438,0.06284037318047149
20,0.000556,0.002421,0.005889,0.192603,0.518869,0.257514,0.022148,0.06670152479570689
21,2e-06,1.4e-05,0.000796,0.194943,0.703111,0.101015,0.000119,0.05715184577756597
22,3.2e-05,0.000189,0.043766,0.801127,0.133771,0.021068,4.6e-05,0.02191296999265734
23,2.8e-05,0.000196,0.138662,0.828253,0.030652,0.002197,1.3e-05,0.010386631679865246
24,8.1e-05,0.000413,0.288284,0.70776,0.003112,0.000345,6e-06,0.0008019593375681232
25,0.000256,0.00175,0.123198,0.828818,0.040039,0.005846,9.3e-05,0.011769321152724398
26,8.8e-05,0.00105,0.571269,0.427176,0.000387,2.6e-05,2e-06,-0.01483055948550423
27,3.8e-05,0.000305,0.160736,0.808707,0.02387,0.006296,4.8e-05,0.00924969652896945
28,0.000645,0.003829,0.209919,0.667738,0.058555,0.057271,0.002042,0.01264620183632654
29,0.000641,0.003247,0.135031,0.773033,0.068691,0.018571,0.000785,0.013456198745847942
30,8e-06,0.0001,0.167629,0.820959,0.010499,0.0008,5e-06,0.007792451092802085
31,3.9e-05,0.000396,0.176112,0.804679,0.017491,0.001272,1.2e-05,0.00764719755504113
32,1e-06,5.4e-05,0.33338,0.666486,7.7e-05,1e-06,0.0,-0.0017631592365705965
33,0.002584,0.013874,0.395755,0.574407,0.009747,0.003201,0.000433,-0.006494195051166585
34,0.000488,0.002614,0.712257,0.284439,0.000178,1.9e-05,5e-06,-0.022775333989361334
35,0.001803,0.00638,0.952299,0.039477,3.6e-05,1e-06,3e-06,-0.036542299195949604
36,0.000618,0.003486,0.24082,0.718311,0.028296,0.008116,0.000354,0.004822587800946582
37,0.000788,0.004867,0.275867,0.692143,0.02189,0.004085,0.000361,0.0020603652847950658
38,2.1e-05,0.000348,0.414765,0.584744,0.000116,6e-06,0.0,-0.006229690390064488
39,0.002856,0.015179,0.679189,0.299295,0.002951,0.000417,0.000115,-0.022747182869271344
40,0.002886,0.009683,0.547977,0.429088,0.007597,0.002266,0.000504,-0.014493037002618208
41,0.001169,0.004637,0.742796,0.250828,0.000487,6.7e-05,1.6e-05,-0.024785446274263566
42,0.006517,0.012225,0.594957,0.367457,0.014652,0.00354,0.000651,-0.017551253422563255
43,0.000249,0.00108,0.207921,0.734789,0.04743,0.008343,0.000188,0.007819267571106731
44,0.000362,0.002911,0.746381,0.250185,0.000131,2e-05,1e-05,-0.024647083069322468
45,0.000186,0.001915,0.675207,0.321798,0.000816,7.4e-05,4e-06,-0.020586157778148654
46,1.8e-05,0.000209,0.134199,0.855449,0.009522,0.000597,5e-06,0.00953439729951663
47,4.8e-05,0.000644,0.517306,0.481657,0.000321,2.1e-05,3e-06,-0.011840254107197159
48,0.00017,0.001796,0.434755,0.562713,0.000514,4.9e-05,4e-06,-0.00749788897874677
49,0.000383,0.001705,0.302339,0.682154,0.011663,0.001702,5.3e-05,0.0003422631172204926
50,0.000147,0.001092,0.389493,0.605407,0.003656,0.000197,8e-06,-0.004789670629227927
51,0.000449,0.002341,0.812047,0.184993,0.000138,2.5e-05,6e-06,-0.028167343796096065
52,0.006981,0.016085,0.894933,0.081211,0.000632,9.9e-05,6e-05,-0.035484273652384796
53,0.001949,0.004548,0.875668,0.117481,0.000236,7.2e-05,4.6e-05,-0.03215172602793134
54,0.001394,0.007633,0.377343,0.609471,0.003187,0.000786,0.000185,-0.005081630271012962
55,0.000121,0.001179,0.243537,0.75111,0.003927,0.000111,1.5e-05,0.003153704210469533
56,0.000324,0.001564,0.207037,0.772073,0.017541,0.001432,3e-05,0.005791179486423232
57,5e-05,0.000554,0.165778,0.8306,0.002875,0.00014,2e-06,0.00742761526184719
58,0.000575,0.003944,0.150399,0.832535,0.010308,0.00217,7e-05,0.008290551260449988
59,7e-06,7.8e-05,0.060241,0.93871,0.000953,1.1e-05,0.0,0.013138781673573333
60,0.012643,0.040863,0.223715,0.645986,0.057517,0.015345,0.00393,0.0016857543134013147
61,7e-06,7.1e-05,0.191451,0.807123,0.001321,2.8e-05,0.0,0.0060165180721989345
62,0.000926,0.005645,0.814431,0.178618,0.000341,2.7e-05,1.2e-05,-0.028774005839823064
63,7.3e-05,0.000579,0.152437,0.812841,0.031309,0.002741,2e-05,0.009663017292677297
64,0.0,4e-06,0.065615,0.926585,0.005327,0.002466,2e-06,0.013278611971686172
65,0.000231,0.000995,0.107237,0.761014,0.117473,0.01294,0.00011,0.016859092429614437
66,2.2e-05,0.000109,0.081655,0.75134,0.155649,0.011193,3.2e-05,0.019932033492166323
67,1.3e-05,0.000141,0.081493,0.883993,0.029332,0.004995,3.3e-05,0.013709288628808242
68,1e-05,5.3e-05,0.003601,0.238598,0.668685,0.088835,0.000216,0.05434858953638688
69,0.000333,0.001001,0.505855,0.476579,0.014729,0.001445,5.8e-05,-0.010524979977213456
70,0.001775,0.007012,0.134619,0.72092,0.113665,0.021328,0.000682,0.015066631520467673
71,4e-05,0.000305,0.135686,0.829483,0.030366,0.004084,3.6e-05,0.010698135980939674
72,1.8e-05,0.000154,0.113007,0.871568,0.01453,0.000721,1e-06,0.01092951044453179
73,0.000101,0.000823,0.108433,0.85989,0.026673,0.004008,7.2e-05,0.011941696022231291
74,2.8e-05,0.000299,0.145382,0.831943,0.019961,0.002347,3.9e-05,0.00954794694465326
75,0.000499,0.002183,0.535383,0.458505,0.003005,0.000386,3.9e-05,-0.01293174569397317
76,0.056061,0.241759,0.569741,0.130812,0.000773,0.000388,0.000465,-0.05392946689734328
77,9.7e-05,0.000428,0.986109,0.013365,1e-06,0.0,0.0,-0.03735451712294942
78,0.005577,0.014594,0.951933,0.027825,6.3e-05,4e-06,3e-06,-0.03819772608502572
79,0.010133,0.096963,0.858704,0.034195,1e-06,0.0,3e-06,-0.043956877105804086
80,0.029681,0.062579,0.840251,0.062473,0.003278,0.001157,0.000582,-0.04192753203590923
81,0.005083,0.021046,0.62836,0.34447,0.000937,7.1e-05,3.2e-05,-0.021231722696953233
82,0.000927,0.006936,0.295498,0.685857,0.007284,0.003367,0.000132,-4.740693589242893e-05
83,0.002165,0.007693,0.723563,0.25977,0.006068,0.000606,0.000134,-0.023967692010720878
84,0.000574,0.002393,0.929079,0.067853,9.4e-05,6e-06,2e-06,-0.034570100482859766
85,0.003485,0.013866,0.566716,0.413351,0.002315,0.000211,5.6e-05,-0.01663768975535899
86,0.003733,0.02127,0.871272,0.103495,0.000201,1.6e-05,1.3e-05,-0.03427840150470011
87,0.000828,0.003224,0.641986,0.352416,0.001369,0.00016,1.8e-05,-0.019017305764861384
88,0.013939,0.072878,0.854395,0.058693,8e-05,7e-06,8e-06,-0.04147427262043942
89,0.037344,0.077427,0.874585,0.010601,4e-05,1e-06,2e-06,-0.047337408801729895
90,0.024689,0.046274,0.875491,0.053104,0.000369,2e-05,5.3e-05,-0.04129928889065352
91,1.2e-05,0.000124,0.965953,0.03391,1e-06,0.0,0.0,-0.036205285417891045
92,0.000146,0.001124,0.954058,0.044669,4e-06,0.0,0.0,-0.03570337149119165
93,0.049852,0.445608,0.501006,0.003418,2.2e-05,8e-06,8.8e-05,-0.0739859733144814
94,0.16779,0.76656,0.063508,9.9e-05,3e-05,4.4e-05,0.001968,-0.11003436313424707
95,0.008181,0.032957,0.819122,0.139403,0.000277,1.7e-05,4.4e-05,-0.03365095584596537
96,4e-06,5.5e-05,0.964021,0.03592,0.0,0.0,0.0,-0.036090355573821495
97,0.000448,0.002618,0.986722,0.010211,1e-06,0.0,0.0,-0.03771715319595281
98,1.5e-05,0.000186,0.961596,0.038202,1e-06,0.0,0.0,-0.03597622781058869
99,0.000126,0.000369,0.982958,0.016539,7e-06,1e-06,0.0,-0.0371807044570238
100,0.00949,0.04442,0.839061,0.106302,0.000531,9e-05,0.000107,-0.03633490391294517
101,0.000604,0.00417,0.972724,0.022497,3e-06,1e-06,2e-06,-0.03717140841756879
102,1.2e-05,0.000131,0.002727,0.229068,0.587454,0.178958,0.00165,0.05929928366090052
103,0.000226,0.001217,0.955999,0.042542,1.5e-05,0.0,0.0,-0.035834237571547106
104,0.005826,0.043938,0.932218,0.018006,9e-06,1e-06,2e-06,-0.040738757030833204
105,0.00345,0.008483,0.934723,0.052473,0.000814,3.2e-05,2.4e-05,-0.03609581865530201
106,2.6e-05,0.00059,0.158013,0.839432,0.001532,0.000404,2e-06,0.007814271116370218
107,0.00538,0.019975,0.839107,0.134982,0.000427,4.7e-05,8.3e-05,-0.03264055228872256
108,0.026255,0.122212,0.848943,0.002582,5e-06,0.0,4e-06,-0.049392486875825085
109,0.004745,0.045983,0.874944,0.074296,2.8e-05,2e-06,2e-06,-0.03767483535673199
110,0.001616,0.016315,0.960408,0.021658,3e-06,0.0,0.0,-0.03815960239209921
111,4e-06,5.1e-05,0.090106,0.906153,0.003645,4.1e-05,0.0,0.011640554703505487
112,0.00079,0.002712,0.160465,0.792485,0.037692,0.005709,0.000146,0.009420172913692626
113,0.001508,0.008218,0.256811,0.677667,0.050575,0.004853,0.000367,0.003917694876049688
114,3.9e-05,9.4e-05,0.012223,0.399757,0.516637,0.071084,0.000166,0.045415283752003766
115,1.6e-05,0.000188,0.194565,0.804242,0.000967,2.1e-05,0.0,0.005814661542306671
116,1.6e-05,0.000167,0.216056,0.781473,0.002195,9.2e-05,1e-06,0.004709303564786253
117,4e-06,4.4e-05,0.145047,0.852858,0.001953,9.5e-05,0.0,0.008580381142716741
118,0.000591,0.002215,0.162881,0.704166,0.105247,0.024322,0.000578,0.01420316877659222
119,6e-06,7e-05,0.012458,0.638646,0.299102,0.049542,0.000176,0.03368589021463218
120,3.5e-05,0.000173,0.009838,0.345332,0.557344,0.086682,0.000597,0.04887419068275967
121,0.000154,0.000638,0.011403,0.291512,0.512406,0.179126,0.00476,0.05596946887782783
122,0.000537,0.001428,0.001691,0.047356,0.429988,0.438463,0.080537,0.09053503427566414
123,0.00037,0.000944,0.010787,0.219412,0.615414,0.149047,0.004026,0.05764044508066056
124,0.000565,0.001549,0.112245,0.636203,0.202634,0.045737,0.001067,0.02346778756299316
125,0.000221,0.000718,0.068879,0.632786,0.241619,0.055155,0.000623,0.0285212214947346
126,0.000282,0.001304,0.057154,0.615884,0.260916,0.062954,0.001507,0.030822761882931416
127,0.00025,0.001231,0.158257,0.744287,0.076679,0.018984,0.000312,0.012815622433110093
128,6.3e-05,0.000364,0.13904,0.838102,0.020302,0.002115,1.4e-05,0.009868249397469542
129,0.000112,0.000709,0.096751,0.786805,0.091619,0.023685,0.000318,0.017354098968989897
130,0.0,4e-06,0.076702,0.920592,0.002592,0.000109,0.0,0.01233556355187697
131,3e-06,6e-05,0.092328,0.903969,0.003457,0.000182,0.0,0.011523231943552781
132,2.5e-05,0.000244,0.139012,0.850765,0.009593,0.000358,3e-06,0.009247785825883405
133,6.9e-05,0.000508,0.15264,0.829452,0.016108,0.001206,1.6e-05,0.00883834469221299
134,0.000263,0.001238,0.165589,0.807866,0.022239,0.002775,3.1e-05,0.008431762900560573
135,3.1e-05,0.000405,0.131455,0.849309,0.017488,0.001279,3.3e-05,0.01008241195584983
136,0.003396,0.010641,0.130169,0.526386,0.235043,0.090296,0.004069,0.02698400083575064
137,0.000311,0.001847,0.09836,0.821189,0.066733,0.011457,0.000103,0.014813252857707595
138,8.2e-05,0.000682,0.138565,0.847578,0.012553,0.000531,1e-05,0.009358475432798144
139,0.00077,0.003203,0.236429,0.724019,0.030277,0.005149,0.000153,0.004847305328252712
140,1.1e-05,0.000123,0.125495,0.86965,0.004611,0.00011,1e-06,0.00975430562115493
141,0.000248,0.001304,0.192055,0.782936,0.020541,0.002859,5.6e-05,0.006922258135769331
142,4e-06,5.2e-05,0.127483,0.868243,0.004067,0.000151,0.0,0.009635189587560742
143,0.0002,0.001036,0.183145,0.772432,0.039408,0.003726,5.2e-05,0.008372697783467694
144,4.6e-05,0.000498,0.147024,0.821984,0.027881,0.002528,3.8e-05,0.009802467631434157
145,0.000511,0.001943,0.198066,0.754906,0.040787,0.003741,4.6e-05,0.007456533404128836
146,3.7e-05,0.000259,0.128339,0.846965,0.022135,0.002249,1.5e-05,0.010562710471963463
147,0.000463,0.002342,0.087693,0.693557,0.153988,0.06063,0.001328,0.023964219707363513
148,6.1e-05,0.000304,0.062398,0.777732,0.135474,0.023908,0.000123,0.02123144732225811
149,0.001168,0.004861,0.191494,0.709939,0.077434,0.014514,0.00059,0.010074814837904256
150,0.000484,0.001669,0.125399,0.772027,0.086856,0.013313,0.000252,0.01443205234529279
151,2.2e-05,0.000245,0.110897,0.873751,0.014158,0.000914,1.3e-05,0.01103588912892737
152,0.000688,0.002937,0.207614,0.758217,0.027466,0.002954,0.000125,0.006129704875299114
153,0.000166,0.000822,0.345761,0.651652,0.001498,9.7e-05,3e-06,-0.002486957971500352
154,0.000248,0.001322,0.150383,0.807994,0.037535,0.002478,3.9e-05,0.009911319580440054
155,1.2e-05,0.000258,0.135957,0.853742,0.009933,9.2e-05,6e-06,0.009406023453064582
156,1e-05,0.000109,0.107044,0.88177,0.010612,0.000453,3e-06,0.011061174876923265
157,0.000123,0.001001,0.292983,0.692106,0.012305,0.001413,7e-05,0.0009891527830196564
158,6.4e-05,0.000883,0.347418,0.649733,0.001742,0.00015,1e-05,-0.0025490967927282687
159,0.000711,0.004246,0.405108,0.578115,0.009529,0.002115,0.000175,-0.005653818093491544
160,0.000695,0.004216,0.298957,0.679396,0.012848,0.003632,0.000255,0.0004330587895758994
161,0.000889,0.005284,0.368864,0.61798,0.005657,0.001181,0.000144,-0.004104485304680969
162,0.000961,0.004647,0.232481,0.733094,0.022824,0.005722,0.000271,0.004592972092436369
163,0.000216,0.001165,0.172729,0.80521,0.019256,0.001402,2.1e-05,0.00779870349930938
164,0.000691,0.003094,0.221197,0.726992,0.040872,0.006886,0.000269,0.006359707641542493
165,5e-06,8.5e-05,0.115165,0.879179,0.005402,0.000162,1e-06,0.010362408108628053
166,0.000683,0.0017,0.217243,0.722355,0.050699,0.007127,0.000193,0.007194115665360682
167,0.000623,0.002536,0.157364,0.772199,0.059096,0.008001,0.000181,0.010816609326079729
168,1.4e-05,0.000135,0.061093,0.755655,0.158066,0.02495,8.6e-05,0.02243262173825026
169,0.000277,0.001396,0.170321,0.720658,0.091054,0.01597,0.000326,0.01250368886131972
170,0.00039,0.001351,0.199996,0.71681,0.066693,0.01452,0.000241,0.009633177709067495
171,0.000464,0.002443,0.218827,0.749238,0.025095,0.003817,0.000115,0.00559097517273194
172,0.000128,0.001307,0.346216,0.643774,0.006782,0.001764,2.9e-05,-0.0021689743600654026
173,0.001605,0.00496,0.282495,0.682074,0.014101,0.014512,0.000254,0.0021313584794198964
174,0.001243,0.006947,0.291272,0.67505,0.019714,0.005303,0.000471,0.0009222120111157229
175,1.1e-05,0.00013,0.097417,0.901243,0.001181,1.8e-05,0.0,0.011119275832068886
176,0.002195,0.012105,0.46604,0.515269,0.003706,0.0005,0.000185,-0.01059957095572986
177,6.2e-05,0.000402,0.373347,0.626073,0.000113,2e-06,0.0,-0.003989944163947431
178,0.000495,0.001501,0.779446,0.217906,0.000558,8.4e-05,9e-06,-0.02627439469163888
179,2.1e-05,0.000244,0.366058,0.633035,0.000622,1.9e-05,1e-06,-0.0035420913001217333
180,0.000976,0.006623,0.715958,0.275531,0.000777,8.4e-05,5.1e-05,-0.02351040124661333
181,0.001671,0.008714,0.677929,0.308733,0.002591,0.000303,5.9e-05,-0.021716843337692818
182,0.002221,0.013224,0.343097,0.63339,0.006243,0.001751,7.3e-05,-0.003841086034540391
183,0.000115,0.000487,0.963644,0.035739,1.4e-05,1e-06,1e-06,-0.03614137691460969
184,0.004082,0.007997,0.778042,0.205706,0.00341,0.00062,0.000142,-0.02743066626572116
185,0.000815,0.003684,0.440422,0.534247,0.018287,0.002393,0.000152,-0.007112484897506473
186,0.000318,0.000908,0.096039,0.651095,0.206906,0.044062,0.000671,0.024436080026960592
187,0.002097,0.003989,0.222717,0.600179,0.137204,0.032631,0.001183,0.01276817094886393
188,0.011124,0.037196,0.436627,0.447865,0.058909,0.00742,0.000859,-0.010418996960183382
189,0.0002,0.001676,0.141325,0.827492,0.025458,0.003761,8.8e-05,0.009955876536136265
190,0.000273,0.00176,0.244182,0.745741,0.006782,0.001193,7e-05,0.003258276390330811
191,0.000596,0.00331,0.318568,0.672837,0.004131,0.000514,4.4e-05,-0.0012227270063186692
192,4.3e-05,0.000781,0.095487,0.898992,0.004562,0.000129,7e-06,0.011302447789861971
193,0.00082,0.007611,0.106955,0.843841,0.032556,0.007987,0.000229,0.011726408267945177
194,0.002914,0.015364,0.213197,0.657861,0.073316,0.035478,0.001871,0.009283794523988672
195,0.00032,0.001779,0.119465,0.83566,0.038584,0.004054,0.000138,0.011735843093335092
196,0.001153,0.004012,0.182857,0.768127,0.037427,0.006133,0.000291,0.00803222497626914
197,0.000106,0.001138,0.157365,0.837003,0.004059,0.000311,1.8e-05,0.007876206145230203
198,2.3e-05,0.000255,0.149082,0.847926,0.002667,4.7e-05,1e-06,0.008359475872169312
199,5e-06,5e-05,0.19914,0.800573,0.000229,4e-06,0.0,0.005549818175246095
200,0.000419,0.00054,0.062298,0.462909,0.371397,0.100472,0.001965,0.039095666004255396
201,6e-06,4.8e-05,0.083697,0.884157,0.029918,0.002172,3e-06,0.01336303798357711
202,1.4e-05,4.3e-05,0.00093,0.146039,0.662741,0.188442,0.001791,0.06367879990124338
203,2e-06,1.6e-05,3.3e-05,0.049899,0.777915,0.168945,0.003189,0.06735985817552986
204,0.000128,5.1e-05,1e-05,0.000938,0.031027,0.912844,0.055004,0.11187649026046585
205,1e-06,3e-06,0.0,0.001086,0.006183,0.292051,0.700676,0.17342042752518416
206,0.001122,0.001182,0.003139,0.040668,0.183969,0.690762,0.079158,0.10230077468299639
207,0.004344,0.006692,0.042248,0.157173,0.261939,0.443371,0.084234,0.08061081786933326
208,6.9e-05,4.9e-05,2.5e-05,0.002026,0.005936,0.726089,0.265806,0.1326735513151822
209,0.001081,0.000991,0.01052,0.013831,0.047898,0.880161,0.045519,0.10701112354922768
210,0.000184,0.000139,7.7e-05,0.009221,0.12528,0.773926,0.091174,0.1100078175243692
211,5.4e-05,0.000453,0.000184,0.050104,0.401021,0.54609,0.002095,0.08487736083534113
212,0.000145,0.000265,0.000176,0.025236,0.566066,0.396545,0.011566,0.08028466310556977
213,0.00044,0.001098,0.010449,0.197909,0.547541,0.231808,0.010756,0.06344395445469411
214,0.000217,0.000667,0.017542,0.278039,0.471257,0.227886,0.004392,0.05819198639331671
215,0.000101,0.000473,0.008564,0.238332,0.51094,0.235796,0.005794,0.06149027251110906
216,0.002398,0.003664,0.024303,0.083584,0.282363,0.574567,0.029121,0.08506558667342184
217,0.000101,0.000351,0.003733,0.17808,0.604164,0.208709,0.004863,0.06328171977905454
218,3.9e-05,0.000189,0.017338,0.410979,0.410578,0.160067,0.000808,0.048674183923075466
219,0.000152,0.000428,0.021376,0.323634,0.508361,0.143893,0.002155,0.05154877131367212
220,0.000123,0.000474,0.01629,0.324686,0.523762,0.132541,0.002124,0.051465718975591324
221,3.8e-05,0.00026,0.002216,0.219764,0.633241,0.140726,0.003754,0.05823293902662788
222,0.000275,0.00058,0.01135,0.214739,0.59405,0.17594,0.003065,0.059008476623254126
223,0.0,0.0,1e-05,0.080377,0.802906,0.116597,0.000109,0.06309881909619591
224,0.000579,0.000802,0.007769,0.090645,0.689942,0.206446,0.003817,0.06636253293255852
225,7.5e-05,0.000283,0.015972,0.327531,0.558466,0.096857,0.000816,0.04954620727594502
226,0.000151,0.000237,0.008632,0.269525,0.580068,0.140835,0.000551,0.054900010259658
227,4e-06,3e-05,0.000888,0.164039,0.72079,0.113704,0.000545,0.05918233899908403
228,0.000265,0.000799,0.007205,0.202138,0.635676,0.151038,0.002879,0.058750142063211934
229,2e-06,2e-05,0.000825,0.238904,0.633097,0.126771,0.000381,0.056429364585758944
230,8e-06,8.2e-05,0.060796,0.890172,0.044261,0.004662,1.7e-05,0.015479075194420494
231,1.7e-05,0.000142,0.002413,0.184118,0.630398,0.180775,0.002136,0.061495384282389924
232,0.000238,0.00053,0.074559,0.664176,0.238114,0.022211,0.000172,0.024962083272849742
233,0.000177,0.000676,0.004647,0.184004,0.43118,0.353592,0.025725,0.07261780785538985
234,2.6e-05,0.000246,0.129834,0.77295,0.070705,0.026012,0.000227,0.014885333946858226
235,0.000119,0.000605,0.088639,0.707854,0.1801,0.022447,0.000236,0.021642320614124303
236,5.9e-05,0.000404,0.118716,0.857578,0.020924,0.0023,1.9e-05,0.011016058564379613
237,0.00016,0.000715,0.041521,0.559719,0.342812,0.054322,0.000752,0.03450276674344335
238,0.00018,0.000603,0.166892,0.724154,0.096193,0.011867,0.000111,0.01261722905449042
239,0.000559,0.002098,0.16634,0.722708,0.091751,0.016177,0.000368,0.012642369776965149
240,0.000331,0.001216,0.064271,0.67412,0.215639,0.043484,0.00094,0.026513340101139163
241,6.7e-05,0.000489,0.121389,0.835957,0.038661,0.003388,4.9e-05,0.011759110469354392
242,0.000112,0.000774,0.171439,0.748135,0.065177,0.014214,0.000148,0.011194182954714683
243,0.000185,0.00141,0.181591,0.705436,0.094493,0.016474,0.000411,0.01212130245076642
244,1.6e-05,0.000149,0.097331,0.885533,0.015337,0.001623,1.1e-05,0.011904617733043826
245,4.3e-05,0.00029,0.14377,0.843354,0.011933,0.000607,3e-06,0.009107739687322711
246,0.001332,0.004043,0.312673,0.633142,0.041487,0.006937,0.000387,0.0012046099609499142
247,0.001782,0.006296,0.327003,0.648867,0.013622,0.0023,0.00013,-0.0016525439933973095
248,0.000566,0.002518,0.200952,0.759634,0.030928,0.005283,0.000119,0.006933277354327428
249,4.4e-05,0.000341,0.142325,0.847987,0.008822,0.000475,6e-06,0.009029038415408605
250,0.00056,0.003124,0.21384,0.780933,0.001398,0.000132,1.4e-05,0.004343114158107636
251,1e-06,3.3e-05,0.184179,0.815536,0.000247,4e-06,0.0,0.006367654853353099
252,0.000322,0.00171,0.236828,0.72638,0.031483,0.003185,9.1e-05,0.004949528550483461
253,8.7e-05,0.000712,0.172281,0.810132,0.01571,0.001057,2e-05,0.007710550943021687
254,0.001248,0.005255,0.176131,0.70678,0.09424,0.015684,0.000663,0.011722802053855768
255,1e-06,2.4e-05,0.161583,0.838206,0.000185,1e-06,0.0,0.0075954956450383386
256,0.000964,0.003364,0.428912,0.562706,0.003835,0.000199,1.9e-05,-0.007347866865183954
257,0.004295,0.011772,0.39578,0.541778,0.03684,0.00858,0.000956,-0.004742259608470108
258,9.5e-05,0.000669,0.108037,0.826235,0.056699,0.008172,9.4e-05,0.013715312488571283
259,3.2e-05,0.000307,0.122927,0.836819,0.037619,0.002267,2.9e-05,0.01155034868526718
260,0.000743,0.002447,0.210271,0.743812,0.036614,0.005989,0.000123,0.006723291118154438
261,1e-06,2.7e-05,0.105565,0.891502,0.002857,4.8e-05,0.0,0.010767983335338464
262,0.000879,0.003139,0.199174,0.706066,0.074401,0.015709,0.000631,0.009899642985394487
263,0.000361,0.001678,0.216075,0.717391,0.054231,0.010048,0.000217,0.007749545322401652
264,0.000115,0.000551,0.154389,0.804681,0.034903,0.00529,7e-05,0.009957286317546611
265,0.000675,0.002973,0.284444,0.651311,0.048753,0.011431,0.000415,0.0037331267710616787
266,1.6e-05,0.000206,0.141815,0.840933,0.015701,0.001304,2.5e-05,0.009466195262480598
267,0.000119,0.000834,0.10727,0.813428,0.071794,0.006442,0.000113,0.014253450926069776
268,0.000223,0.001048,0.198321,0.755203,0.041624,0.003491,9e-05,0.007625882385943422
269,6.4e-05,0.000467,0.089361,0.817212,0.076111,0.016684,0.000101,0.016415575370012897
270,0.000106,0.000745,0.172166,0.791379,0.03303,0.002522,5.1e-05,0.00862584979300748
271,0.000186,0.001307,0.158947,0.824503,0.013098,0.001937,2e-05,0.008310015656581847
272,6.4e-05,0.000491,0.25218,0.733585,0.01235,0.001281,4.8e-05,0.0032682394702732978
273,0.000431,0.002623,0.209548,0.748198,0.035759,0.003259,0.000181,0.00651877267243184
274,4.3e-05,0.000351,0.199583,0.796207,0.003548,0.000264,3e-06,0.005655429181968311
275,0.000304,0.001435,0.249725,0.733208,0.014304,0.000999,2.4e-05,0.003301142902033654
276,0.000592,0.003709,0.405752,0.586342,0.003068,0.000497,3.9e-05,-0.0060656760030035764
277,1e-06,4.8e-05,0.102753,0.896673,0.000521,3e-06,0.0,0.010809658196189656
278,4e-06,7.9e-05,0.156005,0.843107,0.000753,5.2e-05,1e-06,0.007922197799252703
279,3.4e-05,0.000381,0.129688,0.857224,0.012176,0.000488,1e-05,0.009865979004195464
280,0.000755,0.003227,0.213131,0.724833,0.052757,0.005098,0.000198,0.007125937867174712
281,0.001483,0.005844,0.43323,0.540167,0.017044,0.001878,0.000354,-0.007169270208446042
282,0.000103,0.000837,0.340764,0.651847,0.005825,0.000598,2.6e-05,-0.001961273736791541
283,4e-06,1.3e-05,0.000671,0.126047,0.732697,0.140323,0.000245,0.0621216363715266
284,0.000653,0.000956,0.015132,0.174593,0.604056,0.194237,0.010373,0.06217458828207569
285,0.000595,0.003107,0.061088,0.552438,0.274548,0.102597,0.005627,0.0353529360367746
286,0.000392,0.0011,0.004013,0.164733,0.57096,0.246547,0.012255,0.06648501894308767
287,3.6e-05,0.000179,0.001008,0.105978,0.703144,0.187256,0.002399,0.06546798528381928
288,5e-05,0.000212,0.003505,0.183028,0.627229,0.182048,0.003928,0.06172882946427371
289,0.000609,0.001037,0.010236,0.249605,0.493924,0.240322,0.004266,0.06060984317818123
290,4.7e-05,0.000129,0.00846,0.185034,0.667564,0.137599,0.001167,0.05867810154356084
291,0.000107,0.000205,0.020445,0.390524,0.51712,0.071403,0.000195,0.04499841238723393
292,2e-06,1e-05,9.4e-05,0.098025,0.780826,0.120681,0.000362,0.06252582319114706
293,0.00035,0.000818,0.029759,0.345506,0.492078,0.129161,0.002329,0.04895769097341798
294,1.1e-05,5.5e-05,0.000422,0.129913,0.727214,0.141661,0.000724,0.06209499450765693
295,0.000755,0.002316,0.038864,0.415904,0.469153,0.072273,0.000734,0.04165366091754339
296,9.5e-05,0.000556,0.006138,0.377797,0.464374,0.149759,0.001282,0.05077952097637159
297,0.000533,0.00095,0.035958,0.238592,0.566322,0.153996,0.003648,0.05442586596249491
298,0.000371,0.001919,0.076932,0.71852,0.178631,0.023255,0.000372,0.022108164071634573
299,4.3e-05,0.000353,0.158626,0.831349,0.009246,0.000377,6e-06,0.008150554469047716
300,0.000113,0.000777,0.155639,0.822211,0.020042,0.001197,2.1e-05,0.008810895254371029
301,0.003901,0.010263,0.159634,0.459144,0.285922,0.075049,0.006088,0.026587529378110486
302,0.00018,0.000681,0.003087,0.129378,0.682232,0.181879,0.002564,0.06386718428055753
303,2.7e-05,0.000363,0.133684,0.857214,0.008362,0.000341,1e-05,0.009467539425532311
304,0.000234,0.000386,0.010798,0.293983,0.502929,0.189145,0.002524,0.05610069332112872
305,1.4e-05,0.00012,0.000655,0.183802,0.641129,0.173583,0.000697,0.061147013241182734
306,0.000169,0.001199,0.153456,0.800521,0.042224,0.002347,8.5e-05,0.00997982710625097
307,2.2e-05,0.000241,0.103136,0.877121,0.018613,0.000862,6e-06,0.011652314179246078
308,0.000525,0.001631,0.124317,0.654533,0.182096,0.036107,0.000792,0.020951365909668736
309,8.2e-05,0.000439,0.006982,0.336044,0.50482,0.147812,0.00382,0.05285380381677423
310,2.4e-05,0.00013,0.003388,0.321188,0.521598,0.150589,0.003081,0.053967434780707466
311,5e-06,3.7e-05,0.001019,0.24632,0.54895,0.202377,0.001293,0.05976691714791586
312,8e-06,4.3e-05,0.001608,0.206625,0.629666,0.161017,0.001032,0.059498667138209886
313,0.000401,0.000841,0.007238,0.172756,0.632741,0.181197,0.004826,0.061721311617617895
314,5e-05,0.000242,0.00468,0.209034,0.614218,0.168887,0.002889,0.05967552653822885
315,7.9e-05,0.000212,0.014907,0.255915,0.64485,0.083587,0.000451,0.05219468332575071
316,2.4e-05,0.000191,0.008042,0.38172,0.562671,0.04718,0.000173,0.04549967990070094
317,7.9e-05,0.000189,0.024571,0.320753,0.577493,0.07671,0.000204,0.04797545472897004
318,0.000425,0.002326,0.130742,0.718848,0.107019,0.039766,0.000874,0.01752301804593032
319,0.000249,0.001088,0.149215,0.81419,0.030254,0.004908,9.4e-05,0.009910539551728824
320,1.1e-05,9.3e-05,0.128359,0.8597,0.011351,0.000485,2e-06,0.009938725726187349
321,0.000321,0.001371,0.156936,0.729959,0.099006,0.012253,0.000153,0.013209696785709856
322,9.1e-05,0.00045,0.172768,0.792521,0.029692,0.004437,4.1e-05,0.0086563201837505
323,0.00028,0.001307,0.523845,0.47337,0.001027,0.000154,1.6e-05,-0.012272178535186954
324,0.000124,0.000858,0.46878,0.529109,0.001046,8.1e-05,3e-06,-0.00920085421535791
325,5e-06,8.3e-05,0.701946,0.297907,5.8e-05,2e-06,0.0,-0.021827552382235695
326,0.00088,0.003451,0.768969,0.225286,0.001297,0.0001,1.6e-05,-0.025974515149592887
327,0.008796,0.024607,0.677716,0.284404,0.003196,0.00091,0.00037,-0.02477727959097226
328,0.000995,0.002257,0.779601,0.213965,0.002891,0.000273,1.8e-05,-0.026341015143029698
329,0.001761,0.003905,0.468286,0.501642,0.018537,0.005592,0.000276,-0.008497624631629336
330,8.2e-05,0.000594,0.176471,0.806355,0.014001,0.002441,5.5e-05,0.007554921488535606
331,6e-06,8.2e-05,0.352965,0.646671,0.000274,2e-06,0.0,-0.0028244516150118396
332,0.001264,0.004599,0.33335,0.645507,0.013304,0.001866,0.00011,-0.0017564645284930335
333,0.000525,0.001341,0.192473,0.713622,0.078782,0.013007,0.000251,0.010423945709958662
334,7e-06,0.000125,0.379223,0.620607,3.8e-05,0.0,0.0,-0.0042697225072963
335,0.007786,0.132999,0.240579,0.618052,0.000508,4.2e-05,3.3e-05,-0.01424068379926552
336,0.005317,0.020402,0.369899,0.555342,0.04159,0.006582,0.000868,-0.004553505460201987
337,0.090879,0.273285,0.563405,0.071599,0.000564,5e-05,0.000219,-0.0637621196594466
338,1.2e-05,0.000135,0.214374,0.785079,0.000396,5e-06,0.0,0.004716683804233959
339,0.010677,0.051477,0.249083,0.588069,0.043203,0.050387,0.007104,0.002537723286269689
340,4.6e-05,0.000246,0.020986,0.520048,0.395733,0.06273,0.000211,0.03874177541372283
341,0.000136,0.000626,0.182253,0.79726,0.018165,0.001547,1.3e-05,0.00732322975933679
342,3e-06,4.4e-05,0.101625,0.89448,0.003692,0.000156,0.0,0.01102733664714349
343,2e-06,5.6e-05,0.140111,0.859064,0.00073,3.6e-05,0.0,0.008787673267190826
344,2.4e-05,0.000177,0.130967,0.857474,0.010725,0.000631,2e-06,0.009769597640698013
345,1.2e-05,6.2e-05,0.093066,0.846927,0.054088,0.005838,8e-06,0.014271278814532407
346,0.000188,0.000748,0.117462,0.674963,0.176958,0.029469,0.000213,0.02054445842524496
347,1.6e-05,8.5e-05,0.005273,0.257811,0.595693,0.14025,0.000872,0.05583138397387767
348,2.6e-05,0.000297,0.031234,0.733052,0.190522,0.044497,0.000372,0.02734038807369947
349,9e-06,5.9e-05,0.065292,0.888401,0.042312,0.003919,8e-06,0.015079716214189813
350,5.3e-05,0.000398,0.228777,0.755607,0.013221,0.001911,3.2e-05,0.004649227658792007
351,8.7e-05,0.000585,0.134519,0.816057,0.042039,0.006635,7.8e-05,0.011484519483462423
352,6e-05,0.000468,0.124234,0.825695,0.045195,0.004299,5e-05,0.0119847998779872
353,0.000144,0.000839,0.165303,0.802042,0.02852,0.003096,5.5e-05,0.008832566814226991
354,8e-06,0.000144,0.162765,0.834556,0.002359,0.000167,1e-06,0.007628175500802405
355,0.000287,0.001759,0.170886,0.783585,0.034984,0.008307,0.000193,0.009185558364584196
356,0.000182,0.000913,0.209246,0.767881,0.020114,0.001644,1.9e-05,0.0059083073146609984
357,0.000144,0.000949,0.276787,0.712669,0.008664,0.000766,2.1e-05,0.0016414493315456086
358,1e-05,0.000178,0.199262,0.800037,0.000484,2.8e-05,1e-06,0.00554052343126385
359,6.7e-05,0.000762,0.23015,0.768169,0.000822,2.9e-05,1e-06,0.0037934357275815783
360,0.000591,0.002594,0.224639,0.735309,0.030818,0.005879,0.000171,0.005689896267557569
361,0.001065,0.006413,0.451059,0.518678,0.020087,0.002413,0.000285,-0.007960887620934491
362,0.000303,0.001988,0.298411,0.680794,0.016426,0.001945,0.000133,0.000786630919929023
363,0.000359,0.001775,0.187179,0.7688,0.037671,0.00413,8.6e-05,0.00800038347699253
364,0.000197,0.000924,0.325089,0.671157,0.002389,0.000231,1.3e-05,-0.0013257301265035392
365,0.000126,0.00074,0.248733,0.726805,0.021581,0.001992,2.3e-05,0.0038887822461176566
366,5e-05,0.000384,0.116835,0.849233,0.030844,0.00263,2.3e-05,0.01159801169086987
367,0.000129,0.000622,0.137056,0.807887,0.048837,0.005425,4.4e-05,0.011521415331026753
368,5.9e-05,0.000309,0.050768,0.688777,0.219696,0.04014,0.000251,0.02715392788573429
369,1e-06,1.7e-05,0.054881,0.915598,0.028464,0.001039,0.0,0.014766137348093004
370,1.9e-05,0.000141,0.066482,0.890752,0.039324,0.003264,1.9e-05,0.014811139720384349
371,0.000112,0.00102,0.080137,0.778616,0.129054,0.010885,0.000177,0.01869475065471563
372,7.5e-05,0.000447,0.166755,0.819402,0.012396,0.000914,1e-05,0.007882186676673588
373,5.1e-05,0.000383,0.100933,0.826965,0.064082,0.007514,7.3e-05,0.014411019922120532
374,8e-05,0.000639,0.138495,0.813096,0.044522,0.00312,4.9e-05,0.011045512696784452
375,0.000647,0.002117,0.1909,0.727546,0.068158,0.010398,0.000235,0.009674447844626137
376,5e-06,7.6e-05,0.118641,0.875814,0.005364,9.9e-05,0.0,0.010166637914449205
377,3.4e-05,0.000412,0.090314,0.888977,0.018585,0.001664,1.3e-05,0.012400971195195877
378,0.000275,0.001966,0.155189,0.807454,0.030663,0.004347,0.000107,0.009443218396899879
379,0.000344,0.002111,0.262289,0.720677,0.013271,0.001256,5.2e-05,0.002510543759752457
380,2e-06,5e-05,0.438348,0.561579,2e-05,1e-06,0.0,-0.007478335919635535
381,0.00218,0.007405,0.357507,0.62818,0.004188,0.000508,3.3e-05,-0.004124507701656791
382,0.000161,0.001282,0.178932,0.802016,0.016305,0.001268,3.6e-05,0.007315028019270457
383,0.000232,0.001446,0.225915,0.755193,0.016,0.001186,2.8e-05,0.004702564939215253
384,1e-06,1.5e-05,0.091499,0.907116,0.001356,1.3e-05,0.0,0.011464522269376953
385,1.3e-05,0.000141,0.119534,0.865148,0.01435,0.000809,5e-06,0.010577538080586568
386,3e-06,4.4e-05,0.119478,0.874532,0.005805,0.000137,0.0,0.010148585319528787
387,0.000874,0.003121,0.212887,0.748995,0.029738,0.004246,0.00014,0.006010288505711629
388,0.000184,0.000876,0.108272,0.772607,0.096867,0.020826,0.000369,0.016675564892330266
389,0.000325,0.001693,0.140787,0.696403,0.140029,0.020373,0.000391,0.016677553851483964
390,5.9e-05,0.000517,0.082358,0.790661,0.087658,0.03808,0.000667,0.019381146216113754
391,1.2e-05,0.000105,0.027589,0.770287,0.158305,0.043475,0.000228,0.026000499423200752
392,0.000228,0.00107,0.079033,0.636182,0.191416,0.090205,0.001865,0.02912821605572734
393,9.7e-05,0.000303,0.111173,0.730307,0.127288,0.030603,0.000229,0.01883895916083982
394,4e-05,0.000269,0.094293,0.828923,0.070411,0.006039,2.5e-05,0.014927268931962258
395,0.000219,0.000634,0.08325,0.678875,0.203077,0.033612,0.000333,0.023988171029996695
396,0.000726,0.002178,0.151606,0.733912,0.095267,0.016072,0.000239,0.013528474161567385
397,4.6e-05,0.00041,0.17313,0.819615,0.006467,0.000328,5e-06,0.007224512186112665
398,0.000461,0.002011,0.251691,0.731753,0.012686,0.001366,3.3e-05,0.0030588619752151157
399,0.000378,0.002166,0.386916,0.58623,0.020951,0.003209,0.000151,-0.003743107719461491
400,6.1e-05,0.000639,0.459751,0.537405,0.002049,9e-05,4e-06,-0.008625582929284524
401,1.4e-05,0.00028,0.241013,0.758285,0.000399,9e-06,0.0,0.0032493437406520944
402,1.7e-05,0.000328,0.221061,0.77784,0.000701,5e-05,2e-06,0.004346525248857195
403,7.6e-05,0.0011,0.53006,0.468668,7.7e-05,1.7e-05,3e-06,-0.012606137077860437
404,4.5e-05,0.000451,0.234481,0.760967,0.003778,0.000272,6e-06,0.0037551847557949656
405,8.5e-05,0.000533,0.176517,0.81175,0.01018,0.000928,8e-06,0.007240296122067538
406,0.000447,0.002195,0.249977,0.687962,0.051022,0.008142,0.000256,0.005514312660957944
407,0.000134,0.000829,0.150112,0.764057,0.076365,0.008351,0.000152,0.012307221045709138
408,3.7e-05,0.00027,0.110992,0.851778,0.030186,0.006688,4.9e-05,0.012280691617762492
409,0.000236,0.000995,0.185327,0.786719,0.024358,0.00233,3.4e-05,0.007446446242804591
410,0.000314,0.001688,0.198887,0.774202,0.022514,0.002338,5.7e-05,0.006532582605285378
411,0.000284,0.002242,0.19688,0.782486,0.015766,0.002237,0.000104,0.00627694578319035
412,4.3e-05,0.000371,0.152458,0.833724,0.012806,0.000592,6e-06,0.008663337016646315
413,0.000205,0.000869,0.25483,0.73061,0.012374,0.001093,1.8e-05,0.003030947369720072
414,0.000199,0.001348,0.222227,0.742928,0.02659,0.006594,0.000114,0.0059088081489190895
415,7e-06,0.000113,0.19387,0.804544,0.001426,4e-05,0.0,0.005885549456118103
416,1.4e-05,0.000137,0.108204,0.879107,0.011186,0.001337,1.5e-05,0.011103126922165715
417,0.000392,0.002089,0.225483,0.742329,0.026453,0.003167,8.6e-05,0.0052803896410813685
418,3e-06,9e-05,0.157585,0.841741,0.000552,3e-05,0.0,0.007823834262166242
419,1e-05,0.000103,0.133124,0.856448,0.009402,0.000908,5e-06,0.009630461634889243
420,0.008748,0.026008,0.315746,0.583335,0.051637,0.012714,0.001812,-0.0017153977899213627
421,0.000628,0.001426,0.041522,0.415309,0.43965,0.099093,0.002373,0.043088067913282485
422,8e-06,0.000118,0.116345,0.870609,0.012446,0.000468,7e-06,0.010638520670787167
423,0.000502,0.002103,0.231625,0.714035,0.04387,0.007663,0.000203,0.006140112435550835
424,0.000523,0.0021,0.300056,0.66228,0.03028,0.004597,0.000164,0.001514250712528876
425,0.000266,0.001194,0.120909,0.76263,0.098764,0.016032,0.000205,0.015548172555758816
426,0.000132,0.000677,0.14638,0.842766,0.009165,0.000868,1.2e-05,0.008804300390872443
427,0.000351,0.001193,0.615922,0.380702,0.001621,0.000199,1.1e-05,-0.017252608916236492
428,4.8e-05,0.001211,0.897572,0.10116,9e-06,0.0,0.0,-0.03262183433755114
429,0.002817,0.011475,0.96501,0.020653,2.9e-05,3e-06,1.4e-05,-0.03803370026934775
430,0.000295,0.001651,0.983027,0.015001,2.5e-05,0.0,1e-06,-0.037369755387014286
431,0.00524,0.024897,0.82581,0.143646,0.000356,2.7e-05,2.4e-05,-0.032505868060221335
432,2.5e-05,0.000136,0.983867,0.015972,0.0,0.0,0.0,-0.037184105985294105
433,0.01023,0.015003,0.965605,0.008997,6.8e-05,1.1e-05,8.6e-05,-0.0398118257700371
434,0.000924,0.0026,0.992375,0.004097,4e-06,0.0,0.0,-0.038108078359579495
435,0.001932,0.004274,0.984063,0.009707,1.9e-05,2e-06,3e-06,-0.038038961565255644
436,0.004666,0.026924,0.930971,0.037394,3.8e-05,3e-06,4e-06,-0.03839263848103404
437,8e-06,0.00019,0.996107,0.003695,0.0,0.0,0.0,-0.03785378185910666
438,0.000616,0.004333,0.9747,0.020339,1.1e-05,1e-06,2e-06,-0.037300546661335615
439,2e-05,0.000472,0.221027,0.778174,0.000302,4e-06,1e-06,0.00430805928823936
440,8e-06,8.4e-05,0.114014,0.880368,0.005233,0.00029,2e-06,0.010429016847777648
441,7.1e-05,0.000482,0.180783,0.805703,0.012172,0.000783,6e-06,0.007092363219235643
442,0.001589,0.007503,0.486957,0.490276,0.012497,0.001036,0.000142,-0.010634533997629071
443,0.004848,0.014995,0.339118,0.588142,0.039757,0.012191,0.000949,-0.0016881319551648407
444,1.4e-05,0.000236,0.164163,0.83434,0.001186,5.9e-05,2e-06,0.007477527575333661
445,5.7e-05,0.000815,0.226234,0.771632,0.001226,3.3e-05,3e-06,0.004020762397704789
446,3.3e-05,0.000413,0.347239,0.652013,0.000289,1.3e-05,0.0,-0.0025562104249622765
447,0.000137,0.000823,0.157537,0.782387,0.051445,0.007572,9.9e-05,0.01070531636518179
448,0.00021,0.001439,0.18351,0.75241,0.052748,0.0095,0.000182,0.0094547559749182
449,0.000483,0.001691,0.142711,0.728271,0.102058,0.024298,0.000489,0.015222462869830306
450,8.8e-05,0.000263,0.025629,0.490479,0.39642,0.086521,0.0006,0.04076988678909837
451,0.000199,0.001237,0.100383,0.712469,0.155869,0.029274,0.000569,0.020515755573007142
452,0.000215,0.000817,0.302044,0.676999,0.017493,0.002405,2.7e-05,0.0008174945887498682
453,1.1e-05,7.8e-05,0.167733,0.816217,0.013482,0.002474,6e-06,0.008076699503640655
454,0.003034,0.009037,0.154889,0.641793,0.140546,0.046619,0.004083,0.01765134554377502
455,0.000492,0.003257,0.218926,0.725607,0.04055,0.010767,0.000401,0.0068661534937701765
456,0.000279,0.00122,0.153854,0.797782,0.040174,0.006586,0.000106,0.010237646426679507
457,2.5e-05,0.000153,0.162331,0.83336,0.004084,4.7e-05,0.0,0.007713714819250463
458,0.001015,0.002203,0.965689,0.031057,3.2e-05,1e-06,4e-06,-0.03662168286967609
459,0.006232,0.03316,0.911275,0.049246,7.7e-05,3e-06,7e-06,-0.038357825984288406
460,0.010675,0.028263,0.958098,0.002958,5e-06,0.0,1e-06,-0.04111444078791239
461,0.007318,0.039016,0.280459,0.672098,0.00107,3.5e-05,5e-06,-0.004885187420509814
462,0.000415,0.006653,0.065163,0.906564,0.019166,0.001926,0.000112,0.013011289995159605
463,0.000116,0.000607,0.185025,0.804842,0.00894,0.000464,7e-06,0.006664269147554147
464,0.001242,0.005935,0.289914,0.696748,0.005003,0.001068,9e-05,1.4126044996715643e-07
465,0.003624,0.026017,0.241686,0.726555,0.001976,8.6e-05,5.7e-05,-0.00047601413499324025
466,5.6e-05,0.000456,0.185279,0.811887,0.002286,3.6e-05,1e-06,0.0063409886415439045
467,1.4e-05,0.000209,0.30825,0.691507,2e-05,0.0,0.0,-0.0004192491125860281
468,2e-06,2.7e-05,0.434649,0.565224,9.8e-05,1e-06,0.0,-0.0072707091440494115
469,0.00995,0.03367,0.347639,0.595809,0.010983,0.001577,0.000372,-0.0077110050779204626
470,1.9e-05,0.000142,0.043045,0.8455,0.102546,0.008728,1.9e-05,0.019421597189768533
471,5.8e-05,0.00022,0.001637,0.24309,0.545123,0.206305,0.003568,0.06031300226808776
472,0.0,0.0,0.0,7.8e-05,0.200468,0.79792,0.001534,0.09901757211097031
