,y_Tp9_PriceChg_c0,y_Tp9_PriceChg_c1,y_Tp9_PriceChg_c2,y_Tp9_PriceChg_c3,y_Tp9_PriceChg_c4,y_Tp9_PriceChg_c5,y_Tp9_PriceChg_c6,pc_pred
0,0.000103,0.000189,0.022307,0.689983,0.277681,0.009554,0.000183,0.0074495944191565345
1,0.004898,0.008287,0.091191,0.499329,0.358499,0.036072,0.001724,0.01057518281524178
2,0.026052,0.033786,0.089747,0.549668,0.249735,0.046618,0.004395,0.0011844402935617952
3,0.009538,0.015035,0.053249,0.455528,0.379591,0.084316,0.002742,0.018436347508886498
4,1.5e-05,4.3e-05,0.003136,0.425098,0.558617,0.01303,6e-05,0.024114489417847596
5,0.00044,0.000555,0.009907,0.338573,0.606432,0.043161,0.000932,0.030150673963854235
6,1.1e-05,2e-05,0.000156,0.002023,0.218831,0.731212,0.047747,0.10402616291234813
7,0.000209,0.000332,0.005059,0.203404,0.71318,0.076745,0.001071,0.04039676500354869
8,0.000585,0.000529,0.005236,0.019255,0.30607,0.631292,0.037034,0.09384003813306939
9,2e-06,6e-06,3.8e-05,0.003585,0.726858,0.26053,0.008982,0.06566475480465711
10,0.0,0.0,3e-06,2.7e-05,0.333795,0.659401,0.006774,0.09263570205630886
11,0.000218,0.000152,0.00025,9e-05,0.0067,0.813014,0.179576,0.13097523818762138
12,0.000347,0.000704,0.002867,0.001532,0.052655,0.74343,0.198465,0.12884424953285886
13,4e-06,2.5e-05,4.2e-05,0.000632,0.14919,0.744117,0.10599,0.11442484062706168
14,2.5e-05,9.9e-05,0.000159,0.000653,0.078154,0.714674,0.206236,0.12862913480813695
15,0.000699,0.002017,0.001645,0.004245,0.122096,0.714552,0.154745,0.11951599884147873
16,0.000562,0.000517,0.005215,0.004126,0.067215,0.737795,0.184569,0.12580980360581512
17,0.00059,0.000465,0.000412,0.000746,0.105567,0.734966,0.157254,0.12187900957398337
18,0.0,0.0,0.0,1e-06,0.040519,0.921632,0.037848,0.1155061735408214
19,0.0,0.0,1.3e-05,0.037027,0.835019,0.124525,0.003415,0.05369619634298553
20,0.0,0.0,2e-06,0.043601,0.887695,0.067911,0.000791,0.049063910851868175
21,1e-06,2e-06,0.000138,0.02768,0.940744,0.03137,6.5e-05,0.04731279201746206
22,0.0,0.0,4.3e-05,0.217107,0.780334,0.002514,2e-06,0.03504066943964192
23,0.001085,0.001425,0.083109,0.769047,0.14171,0.003576,4.8e-05,-0.003979954268199601
24,1.9e-05,2.7e-05,0.007473,0.874095,0.118226,0.000159,0.0,-0.0016567342631663257
25,2.3e-05,5.2e-05,0.006242,0.852086,0.140465,0.001128,4e-06,-0.00026877408429900094
26,0.001128,0.002227,0.07404,0.783775,0.136997,0.001798,3.5e-05,-0.004087994351450073
27,9.1e-05,0.000363,0.040837,0.877584,0.08071,0.000412,4e-06,-0.005360979973897873
28,0.000119,0.000307,0.014469,0.382592,0.570727,0.031666,0.000121,0.0264677549248509
29,0.000835,0.000669,0.029007,0.715103,0.248462,0.005833,9.1e-05,0.0049018096986024485
30,0.002907,0.004296,0.05864,0.557143,0.337605,0.038621,0.000787,0.011816265444518902
31,0.000447,0.000918,0.049603,0.811721,0.13424,0.003031,4.1e-05,-0.002655885361785592
32,0.001239,0.002703,0.068023,0.744912,0.180939,0.002162,2.1e-05,-0.001416826278920473
33,0.000847,0.002421,0.074845,0.723028,0.19491,0.003898,5.1e-05,-0.000692673460251971
34,0.000525,0.000652,0.089365,0.802821,0.106194,0.000436,6e-06,-0.006464063424936349
35,0.006419,0.020174,0.651099,0.311818,0.009753,0.000648,8.9e-05,-0.04215158242121597
36,0.006738,0.016681,0.241994,0.583756,0.142043,0.008072,0.000716,-0.013363783428792124
37,0.006729,0.010634,0.217818,0.595691,0.162064,0.00639,0.000674,-0.010731692788258272
38,0.00028,0.000331,0.046931,0.822889,0.128968,0.000596,5e-06,-0.0030380253097044125
39,0.000837,0.001669,0.098266,0.604297,0.286255,0.008571,0.000105,0.0037732941822614984
40,0.002507,0.004823,0.118847,0.673084,0.194236,0.006324,0.000179,-0.0030461662826514174
41,0.000325,0.000512,0.016929,0.714156,0.265977,0.002093,9e-06,0.006065911980416951
42,0.056514,0.135747,0.467298,0.297772,0.037176,0.004045,0.001449,-0.048757173631313724
43,0.002352,0.00199,0.061423,0.763085,0.165217,0.005805,0.000128,-0.0015713150122598422
44,0.007188,0.009364,0.060989,0.737554,0.177322,0.007368,0.000216,-0.0020604947017895197
45,0.02475,0.062342,0.394738,0.418444,0.088273,0.010555,0.000897,-0.030334032218176616
46,0.00317,0.003666,0.080425,0.648757,0.251553,0.011917,0.000511,0.002744433651314583
47,0.0003,0.000489,0.05919,0.843359,0.095704,0.000946,1.1e-05,-0.005429045187722535
48,0.001024,0.002284,0.058511,0.600551,0.317611,0.019741,0.000279,0.008770770517852394
49,0.000807,0.00099,0.035416,0.739203,0.219177,0.004302,0.000105,0.002780441497771591
50,0.00604,0.009427,0.144322,0.611341,0.221298,0.007314,0.000257,-0.00363299032981792
51,0.000156,0.000138,0.008186,0.731869,0.255973,0.003644,3.4e-05,0.006208853309262248
52,0.000826,0.000475,0.0358,0.814198,0.148023,0.000659,1.9e-05,-0.0015309907750206844
53,0.004377,0.005712,0.108898,0.749161,0.129651,0.002089,0.000111,-0.006953929447032928
54,0.000138,0.000137,0.044458,0.860173,0.094473,0.000618,3e-06,-0.0047522109753085715
55,7.6e-05,0.000199,0.378219,0.619686,0.001814,6e-06,0.0,-0.026401755316018776
56,0.000557,0.001457,0.010328,0.284137,0.657757,0.04506,0.000704,0.033006151967364145
57,0.00018,0.000252,0.011555,0.645122,0.338122,0.004721,4.8e-05,0.01063382795103232
58,0.010271,0.005668,0.174302,0.747906,0.058781,0.002846,0.000226,-0.014781164935293545
59,0.000332,0.00031,0.058428,0.833711,0.106427,0.00078,1.2e-05,-0.00481590350732598
60,0.008161,0.005065,0.083368,0.743005,0.157946,0.002323,0.000131,-0.004603298632426132
61,0.000598,0.002412,0.069911,0.766363,0.157763,0.002885,6.7e-05,-0.002553729418224074
62,0.000222,0.000299,0.022116,0.749182,0.225417,0.002744,2e-05,0.0037181245925460554
63,0.001207,0.002045,0.076585,0.695335,0.219838,0.004885,0.000105,0.0006930806913776849
64,1.1e-05,6e-05,0.00469,0.48768,0.493366,0.014172,2e-05,0.020616393273251602
65,5e-05,9.1e-05,0.003583,0.272923,0.65976,0.062474,0.00112,0.035870952596322336
66,0.000169,0.000147,0.001865,0.381657,0.601858,0.014156,0.000147,0.026655686154767707
67,0.001169,0.000426,0.015074,0.708489,0.25716,0.016713,0.000968,0.007561551238684011
68,0.0,0.0,1e-06,0.010088,0.918029,0.071111,0.000769,0.051101962298932116
69,6e-06,1.1e-05,0.002895,0.9043,0.092679,0.000109,0.0,-0.0028231165486578827
70,0.000232,0.000725,0.008332,0.200309,0.693195,0.09542,0.001787,0.04154885011578864
71,2.1e-05,4e-05,0.000701,0.042103,0.824167,0.129803,0.003165,0.05365691006124761
72,0.00216,0.004887,0.045938,0.408125,0.450062,0.085945,0.002884,0.024867539869211197
73,0.00011,0.000208,0.009873,0.415802,0.547653,0.025799,0.000555,0.02482562386078585
74,0.000209,0.000333,0.034891,0.838324,0.125364,0.000863,1.7e-05,-0.002592366994638597
75,0.007574,0.010293,0.051687,0.615262,0.290981,0.023361,0.00084,0.00653790107061838
76,0.016379,0.027989,0.799143,0.153126,0.002213,0.000871,0.000278,-0.05198877697031322
77,0.075984,0.151762,0.667695,0.070072,0.007632,0.022302,0.004553,-0.06167819661790563
78,0.082559,0.094683,0.470873,0.27611,0.057692,0.013227,0.004855,-0.045927180371434985
79,0.078294,0.282494,0.567772,0.067826,0.002246,0.000632,0.000735,-0.07290938068031151
80,0.050087,0.070073,0.829983,0.048709,0.00029,0.000392,0.000467,-0.062396933670489506
81,0.039893,0.066955,0.698334,0.14321,0.023092,0.02239,0.006126,-0.04895512510730513
82,0.011021,0.006196,0.436855,0.474008,0.050645,0.020756,0.000518,-0.026131619218258482
83,0.00018,0.000464,0.020389,0.638351,0.332864,0.007703,5e-05,0.010255998811157355
84,0.014678,0.02715,0.440897,0.449826,0.059482,0.007095,0.000871,-0.029911038603658013
85,0.036403,0.170807,0.720258,0.070727,0.001339,0.000295,0.000171,-0.0643068688715657
86,0.017385,0.053085,0.631523,0.297519,0.000472,1e-05,7e-06,-0.04640719589096512
87,0.116319,0.256407,0.333264,0.187605,0.072745,0.0207,0.012959,-0.055438195735222545
88,0.039612,0.113433,0.818172,0.026441,0.001504,0.000544,0.000294,-0.06425579114794279
89,0.192296,0.405594,0.291121,0.05529,0.041698,0.008242,0.005759,-0.08288190130806812
90,0.001091,0.012255,0.981966,0.004688,0.0,0.0,0.0,-0.057670499873190305
91,0.000697,0.007153,0.96855,0.023598,2e-06,0.0,0.0,-0.056477600812774795
92,0.002137,0.008997,0.915194,0.073231,0.000311,0.000113,1.7e-05,-0.0541784645220305
93,0.000413,0.06834,0.931225,2.2e-05,0.0,0.0,0.0,-0.060239082391561664
94,0.004723,0.317293,0.662814,0.015142,2.5e-05,2e-06,1e-06,-0.07055745404857938
95,0.004396,0.032728,0.946912,0.015903,3.3e-05,1.3e-05,1.4e-05,-0.0582960765177851
96,0.01557,0.152951,0.759464,0.065458,0.006296,0.000243,1.8e-05,-0.061359108151451666
97,0.070754,0.335258,0.529404,0.061393,0.002361,0.000213,0.000617,-0.0748631755811212
98,0.013134,0.104639,0.859012,0.022883,0.000263,3.7e-05,3.2e-05,-0.06182688109489377
99,0.010191,0.028773,0.946723,0.012913,0.001147,0.000205,4.7e-05,-0.05866753120249459
100,0.003289,0.033701,0.948302,0.014395,0.000282,2.7e-05,3e-06,-0.0582819550103986
101,0.008901,0.004199,0.030449,0.851504,0.103917,0.000953,7.7e-05,-0.005128658177298955
102,0.036501,0.014474,0.09443,0.03143,0.242284,0.513645,0.067236,0.07160204862772508
103,0.015004,0.022516,0.160648,0.554845,0.226346,0.019629,0.001012,-0.005000067014159437
104,0.029158,0.114314,0.635517,0.171001,0.046109,0.002652,0.001249,-0.0508855837085897
105,0.002332,0.003146,0.090098,0.725529,0.176117,0.002523,0.000255,-0.002876871859732038
106,0.002148,0.003813,0.087389,0.611036,0.287193,0.008098,0.000323,0.003964965912183049
107,0.008288,0.01259,0.307794,0.657201,0.013611,0.00048,3.7e-05,-0.02453601348705511
108,0.024806,0.032729,0.189212,0.580622,0.157573,0.012349,0.00271,-0.013041784560791417
109,0.038963,0.040479,0.281495,0.512167,0.121553,0.004325,0.001018,-0.023683923497001765
110,0.038117,0.051173,0.264648,0.607553,0.037669,0.000588,0.000254,-0.028903119546362304
111,0.023009,0.027555,0.163201,0.5227,0.24599,0.016123,0.001422,-0.0060201472357845195
112,5e-06,1e-05,0.00034,0.168648,0.766664,0.063677,0.000656,0.04191076145696362
113,0.006317,0.007741,0.027293,0.476485,0.350319,0.126736,0.00511,0.024974564743600547
114,1.4e-05,2.2e-05,0.001462,0.098136,0.843554,0.056446,0.000366,0.045089388412634164
115,4.3e-05,0.000179,0.002843,0.133855,0.798768,0.063933,0.000379,0.043484336951786676
116,6.4e-05,0.000124,0.009094,0.601314,0.380214,0.009155,3.4e-05,0.013615078053503525
117,0.0,0.0,1.1e-05,0.029222,0.9569,0.013858,9e-06,0.0460423804899998
118,1.8e-05,3.8e-05,0.005343,0.6856,0.305827,0.00317,4e-06,0.009027652075514701
119,3e-06,9e-06,0.000875,0.07425,0.861416,0.063131,0.000316,0.04690110671280096
120,0.0,0.0,2.7e-05,0.034334,0.930836,0.034739,6.4e-05,0.04719166722274384
121,9e-06,2.6e-05,0.000412,0.007093,0.705176,0.275437,0.011848,0.06690871157163301
122,0.0,1e-06,3.6e-05,0.005206,0.89114,0.101612,0.002004,0.05363852834525162
123,1.5e-05,5.2e-05,0.000717,0.017994,0.739634,0.230793,0.010794,0.0630713579348823
124,5.2e-05,0.000156,0.003978,0.143779,0.743635,0.1064,0.002,0.04597881611881876
125,0.00156,0.000955,0.004907,0.177362,0.564313,0.229926,0.020976,0.05511227726902887
126,2e-06,3e-06,0.000157,0.183799,0.762976,0.0523,0.000763,0.040350315279942185
127,0.0,0.0,1.8e-05,0.154262,0.791554,0.052571,0.001594,0.04212612944939867
128,9e-06,1.2e-05,0.000696,0.211881,0.709102,0.076976,0.001322,0.0405320261993257
129,0.000148,0.000223,0.005632,0.100088,0.717263,0.169482,0.007163,0.05328259003610858
130,1e-06,3e-06,0.000267,0.248145,0.704176,0.046594,0.000815,0.03645740191547016
131,0.000668,0.000755,0.010803,0.382609,0.554603,0.047856,0.002707,0.028192999239540776
132,0.001426,0.002701,0.060831,0.670627,0.256355,0.007916,0.000144,0.003748286137503465
133,0.001272,0.002357,0.029308,0.364018,0.517449,0.083967,0.001628,0.029206972184390584
134,0.002334,0.004251,0.072047,0.740338,0.177682,0.003225,0.000123,-0.001942425043689508
135,0.000378,0.00043,0.009718,0.165536,0.755796,0.066983,0.001158,0.04127542323511449
136,5.4e-05,0.000184,0.00125,0.059282,0.832859,0.105103,0.001268,0.05064991395800106
137,0.000611,0.001334,0.014365,0.388536,0.52766,0.06596,0.001533,0.028467602056723874
138,0.008578,0.02091,0.178966,0.373441,0.374289,0.042533,0.001284,0.006084468232414926
139,5.9e-05,0.000363,0.006709,0.151346,0.780121,0.060427,0.000976,0.04195853500937961
140,5.8e-05,0.000138,0.005055,0.214575,0.743477,0.036408,0.000289,0.036977461141905366
141,2e-05,5.9e-05,0.003542,0.74134,0.253267,0.001747,2.4e-05,0.00608415871699837
142,0.00015,0.000257,0.008229,0.663977,0.304359,0.022788,0.000239,0.011218411581862408
143,0.000102,0.00014,0.021039,0.877773,0.100796,0.000151,1e-06,-0.003300628713404242
144,1.4e-05,6.9e-05,0.004851,0.612081,0.375797,0.007154,3.4e-05,0.013352167241671964
145,0.004421,0.00846,0.10256,0.687901,0.189397,0.006979,0.000281,-0.003012913892518018
146,0.001415,0.002792,0.068976,0.725348,0.195101,0.006216,0.000151,-0.0002024113788342986
147,0.000267,0.000288,0.021723,0.818777,0.158005,0.000927,1.1e-05,-0.00016120927489753412
148,0.000476,0.000724,0.0777,0.738165,0.179753,0.003164,1.9e-05,-0.0015454818184511196
149,5.7e-05,0.000108,0.047373,0.865472,0.086595,0.000392,2e-06,-0.0053388758548972145
150,0.00012,9.7e-05,0.018935,0.733691,0.244779,0.002362,1.7e-05,0.004915454748400061
151,9.4e-05,0.000137,0.00588,0.622825,0.366397,0.004597,7e-05,0.012466459365173549
152,0.00019,0.000317,0.024691,0.809638,0.162849,0.002289,2.6e-05,0.0001338386796802182
153,0.001733,0.002181,0.035153,0.697031,0.250444,0.012938,0.00052,0.005398573832071169
154,0.004608,0.006253,0.03659,0.367871,0.462249,0.116775,0.005653,0.029888060263724137
155,9.3e-05,9e-05,0.001774,0.466681,0.479475,0.051601,0.000287,0.024630855578717487
156,0.006184,0.003141,0.074809,0.748429,0.155227,0.011743,0.000467,-0.0026377842433209634
157,0.006182,0.00836,0.145061,0.529513,0.287755,0.022348,0.000781,0.001979534351088519
158,0.004986,0.002799,0.071898,0.705659,0.207124,0.007192,0.000341,-4.8862486055534194e-05
159,0.003141,0.003579,0.056457,0.634316,0.290045,0.012142,0.00032,0.006025158038044575
160,0.017048,0.012948,0.125029,0.567947,0.254556,0.02062,0.001852,-0.0008087307835085811
161,0.006101,0.01533,0.145629,0.682429,0.145774,0.004381,0.000357,-0.008699679336295526
162,0.058186,0.055022,0.219326,0.487984,0.159662,0.016022,0.003799,-0.020617118368530793
163,0.000514,0.001762,0.066648,0.636739,0.289595,0.004666,7.5e-05,0.0050748652896357655
164,0.001147,0.001805,0.078847,0.762913,0.152356,0.00289,4.3e-05,-0.0033185511256319717
165,0.000399,0.000805,0.048441,0.798217,0.150712,0.001392,3.4e-05,-0.0018866466349963837
166,0.000479,0.000753,0.029205,0.751266,0.210059,0.00807,0.000167,0.0031359530104214236
167,5.8e-05,0.000129,0.02121,0.701738,0.27342,0.003422,2.3e-05,0.006498641676724602
168,0.000108,0.000152,0.024708,0.846168,0.127813,0.001046,5e-06,-0.001903492594230552
169,2.1e-05,4.1e-05,0.0091,0.776221,0.21289,0.001719,8e-06,0.0036059169392608417
170,9.5e-05,0.000246,0.015589,0.603956,0.353144,0.026697,0.000272,0.014003664405888796
171,0.175744,0.248668,0.442629,0.118355,0.008558,0.004562,0.001484,-0.07668064629588477
172,0.000159,0.000399,0.048247,0.881285,0.069537,0.000362,1e-05,-0.006354116225322955
173,0.003222,0.003004,0.06627,0.734936,0.189691,0.002647,0.000231,-0.001063197860452069
174,0.003325,0.003791,0.163362,0.784285,0.044763,0.000447,2.8e-05,-0.014161643698756173
175,0.000659,0.00109,0.047624,0.796572,0.151104,0.002908,4.4e-05,-0.001700954599589706
176,0.003498,0.00501,0.251044,0.652364,0.087071,0.000974,3.9e-05,-0.016273387084917667
177,0.00163,0.002604,0.052772,0.568505,0.353745,0.020255,0.000488,0.011012721730415374
178,0.001727,0.001354,0.030042,0.880018,0.085436,0.001347,7.6e-05,-0.004766861271260473
179,0.002989,0.006326,0.17892,0.673132,0.133108,0.005387,0.000139,-0.009680891423279223
180,0.000283,0.00016,0.009343,0.791079,0.197862,0.001265,8e-06,0.0026715382989464373
181,0.026825,0.116714,0.573025,0.210208,0.066649,0.005832,0.000747,-0.046275698613549396
182,0.003795,0.011019,0.235538,0.730375,0.018901,0.000338,3.5e-05,-0.019892072342088136
183,3.6e-05,3.3e-05,0.001383,0.525609,0.465585,0.007347,8e-06,0.018428835944657346
184,0.009692,0.025599,0.087884,0.447788,0.393807,0.034438,0.000792,0.009967166923673935
185,1.3e-05,3.3e-05,0.003317,0.567551,0.422786,0.006295,4e-06,0.015877350658097363
186,0.000251,0.000284,0.013674,0.64553,0.329766,0.010248,0.000247,0.010780660294115799
187,0.000329,0.000346,0.01548,0.773656,0.206491,0.003641,5.9e-05,0.003115267042929293
188,3e-06,3e-06,0.000132,0.31572,0.672933,0.011177,3.2e-05,0.03025744463273231
189,0.000136,0.000381,0.001815,0.093462,0.734543,0.166786,0.002877,0.05314177362509141
190,2.5e-05,5.6e-05,0.001283,0.076878,0.79651,0.122031,0.003217,0.05118041787526986
191,0.000867,0.00123,0.102298,0.215307,0.661868,0.01834,9e-05,0.025245442615354233
192,0.100123,0.179641,0.405598,0.157072,0.130398,0.023647,0.003522,-0.04813417164826499
193,0.25044,0.169278,0.066443,0.192437,0.245215,0.062146,0.014041,-0.03885790512436762
194,0.013519,0.020106,0.036661,0.513784,0.39618,0.017937,0.001813,0.010788704220367158
195,0.048725,0.117414,0.364308,0.312547,0.139002,0.014064,0.00394,-0.03352865516475731
196,0.006285,0.008087,0.037184,0.527944,0.408826,0.010898,0.000776,0.01252025382158683
197,0.020113,0.040638,0.16403,0.24238,0.477257,0.044184,0.011398,0.011330057913453848
198,0.000819,0.001145,0.033464,0.669238,0.283488,0.01169,0.000157,0.007277072554733069
199,0.000201,0.000394,0.005359,0.106704,0.857429,0.029742,0.00017,0.0422780034490663
200,8.7e-05,0.000135,0.001041,0.238473,0.671653,0.086299,0.002312,0.039809865134960584
201,0.0,0.0,8e-06,0.10894,0.870245,0.020733,7.4e-05,0.042182174254474396
202,2.9e-05,6.3e-05,0.000876,0.049589,0.844724,0.103136,0.001582,0.0511560914102835
203,0.002651,0.000753,0.00731,0.001656,0.218352,0.737158,0.032119,0.10054297190026681
204,1e-05,1.2e-05,4e-06,2e-06,0.010234,0.905644,0.084093,0.12190402400960572
205,8e-05,0.002301,0.000426,0.000161,0.030763,0.276428,0.68984,0.17680746613555365
206,0.001405,0.002793,0.004073,0.005594,0.077527,0.734045,0.174563,0.1234713152863817
207,0.001784,0.006148,0.006146,0.013612,0.122794,0.507132,0.342385,0.13399712898147192
208,7e-06,6.5e-05,0.000102,0.003046,0.072066,0.531454,0.39326,0.14634064322583873
209,0.0,0.0,3e-06,4e-06,0.004917,0.95762,0.037456,0.11789000974102255
210,1e-05,0.000111,0.000207,0.001933,0.125555,0.77029,0.101893,0.11543969887712471
211,0.0,0.0,1e-06,0.000146,0.184618,0.783511,0.031723,0.10511157904775513
212,0.0,1e-06,5e-06,2.3e-05,0.048563,0.92112,0.030288,0.11424511065169833
213,3e-06,1.8e-05,0.000367,0.030459,0.806624,0.158254,0.004275,0.05644709255173485
214,0.000237,0.000542,0.006043,0.253066,0.647289,0.090582,0.002241,0.038685846215720465
215,0.000753,0.001748,0.013651,0.177809,0.68155,0.121625,0.002863,0.043923226061789805
216,0.000122,9.2e-05,0.001018,0.009602,0.412985,0.53206,0.044121,0.0893584310805793
217,6.3e-05,0.000149,0.000934,0.011153,0.572284,0.391237,0.02418,0.07647822620206199
218,0.006115,0.017604,0.073456,0.137558,0.504985,0.246068,0.014213,0.046804601551251226
219,1e-06,3e-06,4.7e-05,0.025531,0.828362,0.141124,0.004932,0.0556924397762942
220,0.000951,0.000808,0.024346,0.269534,0.626238,0.07507,0.003053,0.03478206209555591
221,0.0,0.0,1e-06,0.002874,0.877751,0.117962,0.001411,0.054785273100049235
222,5e-06,8e-06,0.000223,0.229717,0.741941,0.02764,0.000465,0.036117420487379995
223,0.0,0.0,0.0,0.002851,0.927029,0.069557,0.000563,0.05135697322707153
224,0.000147,0.000202,0.001712,0.111821,0.760448,0.120398,0.005272,0.04941008374641184
225,0.001314,0.002885,0.002503,0.025434,0.315559,0.583797,0.068509,0.09516406707791837
226,0.0,0.0,1.3e-05,0.036061,0.902393,0.061151,0.000382,0.04894709818926907
227,5e-06,7e-06,0.00016,0.078163,0.857987,0.063309,0.00037,0.04678327057663642
228,1.9e-05,2.2e-05,0.001119,0.297117,0.656488,0.044794,0.000441,0.03351409908252155
229,3.4e-05,0.000134,0.001155,0.06691,0.842577,0.08821,0.000981,0.049060507553607184
230,0.001592,0.003377,0.030435,0.408589,0.504785,0.04978,0.001441,0.024095056335678714
231,1.9e-05,5.3e-05,0.001378,0.111013,0.752957,0.131158,0.003423,0.049968574313021534
232,0.0,1e-06,1.6e-05,0.032574,0.909222,0.05792,0.000267,0.04889803211447673
233,8e-06,2e-05,0.000395,0.088242,0.814358,0.095153,0.001824,0.04860915268661007
234,0.000352,0.000453,0.018718,0.388356,0.566794,0.025023,0.000305,0.025222485457839918
235,3e-05,5.7e-05,0.00176,0.144009,0.78317,0.070334,0.000639,0.04354223027849133
236,3.5e-05,8.9e-05,0.006927,0.299781,0.657659,0.035242,0.000267,0.0320743898171945
237,3e-06,9e-06,0.000374,0.06609,0.839748,0.092061,0.001716,0.04959181761051897
238,5.7e-05,0.000105,0.003163,0.212562,0.715418,0.068005,0.00069,0.03950284042740148
239,0.000201,0.000307,0.005689,0.595801,0.36864,0.028798,0.000565,0.01563715634105793
240,0.000218,0.000309,0.012497,0.632198,0.334796,0.019886,9.6e-05,0.01226261008094046
241,0.000222,0.000497,0.01481,0.133372,0.796266,0.053324,0.001509,0.041645613013365355
242,2.4e-05,4.7e-05,0.002154,0.509865,0.477396,0.010444,7.1e-05,0.01942673275078919
243,0.00031,0.000743,0.007316,0.197642,0.638422,0.15015,0.005417,0.04609193784691113
244,0.000596,0.001312,0.027685,0.360682,0.567904,0.040795,0.001027,0.02681146507100253
245,0.000367,0.000661,0.019001,0.66509,0.303829,0.010781,0.000269,0.00912359506225825
246,0.000748,0.001432,0.017771,0.595626,0.366013,0.018053,0.000357,0.013352057622936696
247,0.00012,0.000196,0.009059,0.540769,0.435662,0.014092,0.000102,0.017239037129180578
248,3e-05,2e-05,0.016773,0.867654,0.115423,0.0001,0.0,-0.002278176219031337
249,6e-06,1.4e-05,0.007714,0.814228,0.177148,0.000886,3e-06,0.0016309080670374517
250,0.000123,0.000403,0.023955,0.755622,0.217983,0.001904,9e-06,0.003121901920938112
251,1.4e-05,2.3e-05,0.003707,0.776186,0.217693,0.002355,2.3e-05,0.004218270371870708
252,7.9e-05,0.000126,0.005746,0.267386,0.706715,0.019803,0.000144,0.03287600731597686
253,0.000229,0.000438,0.025975,0.495836,0.457009,0.020422,9e-05,0.018297214427918432
254,4e-06,9e-06,0.000906,0.297363,0.667071,0.034511,0.000136,0.032778931726868556
255,0.003161,0.006572,0.104561,0.625305,0.248631,0.011585,0.000186,0.0010116300448385802
256,0.003128,0.005521,0.071367,0.709618,0.198236,0.011552,0.000578,9.590690570842216e-05
257,0.001551,0.002523,0.053196,0.719845,0.218014,0.004737,0.000134,0.0016467736389558592
258,4.9e-05,4e-05,0.004796,0.539177,0.450226,0.005674,3.8e-05,0.01722297177613703
259,2.1e-05,4.6e-05,0.003326,0.432328,0.55156,0.012693,2.7e-05,0.02367143575190722
260,0.000176,0.000231,0.014049,0.484911,0.483879,0.016555,0.000199,0.01992729244899923
261,0.001765,0.003627,0.054963,0.622879,0.304163,0.012172,0.00043,0.007089428828538586
262,0.000388,0.000649,0.028561,0.542763,0.421096,0.006472,7.1e-05,0.014459884744297503
263,0.007592,0.016207,0.082548,0.429549,0.364075,0.091425,0.008603,0.01845203513157539
264,0.001256,0.001746,0.013192,0.251198,0.584778,0.140159,0.00767,0.04191611469068331
265,0.002464,0.004915,0.112182,0.663588,0.204725,0.01198,0.000146,-0.0014620145169896713
266,0.00018,0.000444,0.017138,0.709606,0.265661,0.006885,8.6e-05,0.006669005484876045
267,0.001275,0.0023,0.040568,0.467565,0.464105,0.023723,0.000463,0.01812225097690249
268,0.000552,0.001047,0.114429,0.710826,0.168762,0.004356,2.8e-05,-0.0038560990214622105
269,0.000787,0.001069,0.030286,0.570964,0.385494,0.011191,0.000209,0.012948001924934963
270,0.000309,0.000494,0.030026,0.740516,0.223847,0.004796,1.3e-05,0.003459969224800115
271,0.00345,0.005194,0.084775,0.617166,0.27511,0.013963,0.000342,0.0038433796057263875
272,0.004813,0.008459,0.090833,0.504472,0.351357,0.038745,0.001322,0.010440905426101894
273,4.6e-05,7.7e-05,0.007364,0.545777,0.440984,0.005718,3.4e-05,0.01659429635831245
274,1e-05,2.3e-05,0.001539,0.18885,0.774814,0.034516,0.000248,0.03863418662906916
275,0.007753,0.013982,0.137017,0.52592,0.297719,0.01685,0.000758,0.0014958796792328899
276,0.000396,0.000472,0.016685,0.543626,0.432593,0.006068,0.000159,0.015658711474652972
277,0.006978,0.008523,0.122558,0.723753,0.136362,0.001684,0.000142,-0.007943762145783025
278,0.000289,0.000463,0.005228,0.335094,0.624112,0.034093,0.000721,0.030219059351853917
279,0.000146,0.000282,0.003596,0.191343,0.735877,0.067921,0.000834,0.04058654577302297
280,2.3e-05,3.8e-05,0.000995,0.212621,0.725921,0.060156,0.000246,0.03913584869018631
281,0.000207,0.00015,0.002019,0.368653,0.607194,0.021556,0.000221,0.02785477783480287
282,0.002518,0.003055,0.029942,0.460357,0.463498,0.039248,0.001383,0.020466233716169995
283,0.000131,0.000288,0.016747,0.609561,0.366816,0.006354,0.000104,0.0121541087637065
284,0.000486,0.000865,0.007737,0.303709,0.641281,0.044727,0.001195,0.03236820739914372
285,1.7e-05,6.7e-05,0.001243,0.070646,0.828971,0.097665,0.00139,0.04957049013390369
286,0.0,1e-06,1.6e-05,0.011239,0.876836,0.11104,0.000868,0.05376959219074363
287,2e-06,1e-05,0.000656,0.11993,0.813526,0.065472,0.000404,0.0446112670526712
288,0.000138,0.000606,0.006265,0.098981,0.714348,0.173035,0.006627,0.05337770223310328
289,7e-06,1.4e-05,0.000917,0.10919,0.837133,0.05204,0.000699,0.044301248019420335
290,2e-06,7e-06,6.2e-05,0.053867,0.837738,0.103624,0.004701,0.05155989985146367
291,0.000511,0.000711,0.00547,0.145632,0.685182,0.154797,0.007698,0.049764758938383565
292,6.8e-05,0.000142,0.000779,0.094407,0.699135,0.191871,0.013599,0.056689386297386526
293,0.000181,6.9e-05,0.001299,0.060062,0.435983,0.469486,0.03292,0.08050441629657573
294,4.7e-05,9.1e-05,0.001255,0.096414,0.712473,0.180965,0.008754,0.05501577615621251
295,0.0,1e-06,1e-05,0.006972,0.852905,0.135159,0.004954,0.056304742912709774
296,0.0,0.0,4.7e-05,0.022116,0.952059,0.025709,6.9e-05,0.047241170000112416
297,1e-06,3e-06,0.000116,0.053094,0.873467,0.072812,0.000508,0.0488223270729569
298,5e-06,1.8e-05,0.000768,0.124606,0.838747,0.035702,0.000154,0.04227800405460174
299,4.1e-05,8.7e-05,0.001967,0.400388,0.53618,0.060561,0.000775,0.028917953145101486
300,0.005535,0.003922,0.03007,0.386868,0.415025,0.15494,0.00364,0.031959654475630865
301,0.000377,0.001114,0.020394,0.282798,0.605231,0.087643,0.002442,0.035296478727481116
302,0.035278,0.020181,0.101267,0.339868,0.322417,0.147932,0.033057,0.023099880532911947
303,2e-06,2e-06,0.00011,0.078447,0.871191,0.049669,0.00058,0.04588060067185077
304,0.000173,0.000327,0.004564,0.147868,0.708151,0.134073,0.004844,0.0479890111602872
305,0.000606,0.000798,0.016221,0.227881,0.66667,0.085162,0.002663,0.03858715184945183
306,3.7e-05,4.5e-05,0.000996,0.398828,0.576429,0.023473,0.000191,0.0264935689657554
307,0.000782,0.003532,0.048639,0.261722,0.64912,0.035714,0.000491,0.029223588933797624
308,0.000282,0.00071,0.018603,0.267621,0.656733,0.055178,0.000873,0.033924656736844555
309,0.0,0.0,3e-06,0.00304,0.853898,0.141194,0.001865,0.056429776527804065
310,0.0,1e-06,1e-05,0.010951,0.869037,0.11691,0.00309,0.05454496614455253
311,0.0,2e-06,0.00011,0.066021,0.859402,0.074044,0.00042,0.04818919459284645
312,1e-06,3e-06,3.2e-05,0.001609,0.644461,0.339504,0.014389,0.07202073339748687
313,0.000147,0.000547,0.017641,0.433283,0.52704,0.020562,0.000779,0.022689528217417508
314,5e-05,7.3e-05,0.000474,0.095873,0.720393,0.170404,0.012733,0.05505459628513127
315,0.0,0.0,8e-06,0.02653,0.918283,0.054934,0.000244,0.049021085553804175
316,1e-05,2e-05,0.000447,0.110176,0.791439,0.096162,0.001747,0.04746579334735768
317,1.5e-05,1.1e-05,0.002047,0.727361,0.267638,0.002903,2.3e-05,0.007086853646482745
318,0.0,0.0,1e-05,0.060235,0.891591,0.047909,0.000256,0.04671069577588193
319,0.0,0.0,2.4e-05,0.074914,0.875304,0.049399,0.000358,0.04602810517745653
320,0.0,0.0,1.6e-05,0.037522,0.928037,0.034324,0.000101,0.04699706875511128
321,2e-05,6.5e-05,0.005512,0.15142,0.807746,0.035143,9.5e-05,0.04026802930187015
322,4.2e-05,5.3e-05,0.014805,0.628504,0.35507,0.001522,4e-06,0.01103233157341419
323,0.00032,0.000516,0.051514,0.837307,0.109685,0.000655,4e-06,-0.004330410120265982
324,0.000584,0.000822,0.08134,0.79796,0.118215,0.001063,1.6e-05,-0.00535756799440583
325,0.00017,8e-05,0.043434,0.929598,0.026693,2.5e-05,1e-06,-0.008462826185599424
326,0.000742,0.000733,0.05469,0.919134,0.024615,8.4e-05,2e-06,-0.009269054595004584
327,0.000641,0.000711,0.030295,0.817148,0.149163,0.002028,1.5e-05,-0.0010245481456803486
328,6.1e-05,6.5e-05,0.027018,0.884025,0.088655,0.000176,1e-06,-0.004241677702179952
329,3.3e-05,9.1e-05,0.024086,0.905364,0.070145,0.000279,2e-06,-0.00508935792831938
330,1e-06,2e-06,0.009838,0.918925,0.071202,3.2e-05,0.0,-0.00434382916176379
331,1.3e-05,3.9e-05,0.026395,0.828588,0.144816,0.000149,0.0,-0.0011484222256851733
332,0.0,0.0,0.0004,0.925345,0.074227,2.8e-05,0.0,-0.0037118037825421392
333,0.006066,0.011287,0.074228,0.783744,0.121313,0.003219,0.000143,-0.006303923212689794
334,0.002506,0.013529,0.071175,0.908498,0.00428,1.1e-05,1e-06,-0.012638385389400536
335,0.019064,0.033259,0.091226,0.741497,0.109632,0.004883,0.00044,-0.011421393475364455
336,0.000964,0.001428,0.151511,0.749859,0.093787,0.002425,2.6e-05,-0.010105225831913313
337,0.056819,0.080099,0.577525,0.263972,0.015738,0.004375,0.001471,-0.05024352072589276
338,0.001761,0.002485,0.014517,0.309767,0.618837,0.050677,0.001957,0.03137034854723768
339,0.002409,0.003345,0.032345,0.353191,0.538632,0.065556,0.004523,0.02832597417775047
340,1.2e-05,6.4e-05,0.002509,0.117892,0.800723,0.07827,0.000529,0.045410303636450614
341,4e-06,2.1e-05,0.000772,0.164517,0.793858,0.040698,0.000129,0.04044090309446437
342,7.6e-05,0.000135,0.013833,0.875742,0.109797,0.000417,1e-06,-0.002416973223976131
343,0.000633,0.001364,0.127549,0.751143,0.11711,0.002179,2.3e-05,-0.007625848834737776
344,0.000652,0.001133,0.042999,0.834069,0.119115,0.00199,4.1e-05,-0.0033288374375415215
345,0.00012,0.000263,0.023883,0.666389,0.300784,0.008528,3.5e-05,0.008461947791477147
346,0.000152,0.000175,0.003253,0.168839,0.69882,0.125485,0.003276,0.04617237361746515
347,0.0,0.0,2e-06,0.033522,0.921724,0.044362,0.00039,0.047945784650442656
348,0.0,0.0,0.0,0.022156,0.938464,0.039148,0.000232,0.04818435893344915
349,0.0,0.0,1.9e-05,0.042037,0.896279,0.061239,0.000425,0.04863413268307818
350,0.000496,0.00137,0.013445,0.220181,0.662558,0.099514,0.002435,0.04017191056766626
351,4.2e-05,8.5e-05,0.001083,0.084642,0.7875,0.121619,0.005029,0.05103645346548805
352,0.000295,0.000474,0.045235,0.699992,0.240572,0.013355,7.8e-05,0.004682707049679996
353,0.015303,0.032117,0.252197,0.532286,0.150761,0.01609,0.001245,-0.014961933261371334
354,3.1e-05,5e-05,0.02128,0.915594,0.062904,0.000141,0.0,-0.005357697461110495
355,5.3e-05,0.000114,0.034432,0.88764,0.077631,0.000129,1e-06,-0.005218059949129412
356,0.00091,0.001457,0.044923,0.615708,0.322043,0.014637,0.000322,0.009162345126812146
357,0.000521,0.00074,0.017026,0.497609,0.448577,0.034671,0.000857,0.020122164368676112
358,0.001466,0.002067,0.047405,0.586116,0.343008,0.01962,0.000318,0.010652990208512814
359,0.000213,0.000264,0.023296,0.72928,0.242828,0.00409,2.9e-05,0.004778552207849758
360,0.001727,0.00276,0.064622,0.691182,0.226728,0.01258,0.000402,0.0025259737685971242
361,0.012066,0.023345,0.166114,0.43038,0.331525,0.033515,0.003055,0.0029438083466319367
362,0.000389,0.000876,0.068256,0.852895,0.077103,0.000474,7e-06,-0.00699779983828731
363,0.001363,0.002856,0.065339,0.682961,0.23981,0.007426,0.000245,0.0025811451608772082
364,0.000145,0.000182,0.012991,0.53705,0.441446,0.008115,6.9e-05,0.016617762973585446
365,0.001911,0.005816,0.07322,0.519738,0.362826,0.03549,0.001,0.012132880778061645
366,9e-05,0.00025,0.014765,0.784022,0.198351,0.002507,1.4e-05,0.002602506796867464
367,3.7e-05,2.1e-05,0.003759,0.677924,0.316499,0.001746,1.3e-05,0.009513369074550746
368,0.013547,0.03424,0.353851,0.486121,0.104426,0.00736,0.000455,-0.02370177639664338
369,4e-06,1.4e-05,0.000237,0.066563,0.892691,0.040399,9.2e-05,0.04580242773258861
370,5.7e-05,5.1e-05,0.000599,0.108963,0.791429,0.09761,0.00129,0.04752649059555678
371,6e-06,1.6e-05,0.000995,0.263352,0.698495,0.036864,0.000273,0.034801585089364886
372,0.003348,0.006757,0.076488,0.624178,0.267831,0.021109,0.00029,0.00459183666225688
373,0.000667,0.000971,0.021112,0.699223,0.271159,0.006786,8.3e-05,0.0066395392103531965
374,8e-06,2.2e-05,0.001704,0.141881,0.814336,0.041954,9.4e-05,0.04165479414923242
375,0.08905,0.051418,0.309341,0.090076,0.145751,0.29101,0.023355,0.007941093834695444
376,0.018878,0.009542,0.13037,0.578564,0.222702,0.03878,0.001164,-0.0006821459775329631
377,0.000207,0.00054,0.007432,0.14505,0.766107,0.079558,0.001106,0.04349284796029068
378,0.00389,0.006133,0.061942,0.551546,0.345871,0.029559,0.00106,0.010740332010704024
379,0.022744,0.032843,0.276023,0.457418,0.140872,0.062939,0.007161,-0.010806378605666559
380,0.00055,0.000808,0.020173,0.698882,0.274156,0.005361,7e-05,0.006703845365458001
381,0.000214,0.000477,0.018101,0.435407,0.494248,0.051011,0.000542,0.024555767291451095
382,0.000409,0.000466,0.020493,0.571409,0.384395,0.022583,0.000244,0.014886084703191114
383,0.000768,0.000347,0.042179,0.823329,0.131517,0.001792,6.9e-05,-0.002575599826937423
384,6.9e-05,0.000133,0.013888,0.795935,0.187578,0.00237,2.6e-05,0.0020592937657545113
385,0.010436,0.016104,0.073503,0.509372,0.357017,0.030066,0.003502,0.009497842167683112
386,0.000254,0.000612,0.084993,0.806919,0.10629,0.000922,1e-05,-0.0061390341762506484
387,0.002616,0.006292,0.09349,0.56295,0.308837,0.025179,0.000637,0.0067034785251825334
388,7e-06,1.5e-05,0.000853,0.249004,0.717988,0.032033,0.0001,0.03524053247917179
389,0.000188,0.000396,0.004567,0.156311,0.6994,0.134889,0.004249,0.04747521468628795
390,5e-06,1.5e-05,0.000583,0.077258,0.832097,0.089,0.00104,0.048643169346668416
391,0.0,1e-06,3.7e-05,0.069912,0.845528,0.082968,0.001555,0.04877605817586944
392,1.9e-05,3e-05,0.000573,0.14249,0.747972,0.105541,0.003374,0.046592080103191234
393,6e-05,0.000199,0.001688,0.094003,0.74028,0.156566,0.007204,0.05317300906653385
394,0.000125,0.000234,0.007159,0.363971,0.581189,0.046429,0.000893,0.029379823302177484
395,5.1e-05,0.000101,0.002373,0.204668,0.697008,0.093318,0.002481,0.04202816039494854
396,1.4e-05,4.6e-05,0.000719,0.064109,0.778643,0.151811,0.004657,0.05419637931027075
397,0.000115,0.000202,0.017281,0.644899,0.327548,0.009837,0.000118,0.010430247433817118
398,0.000496,0.001205,0.049728,0.583866,0.346917,0.017551,0.000238,0.010699793239364678
399,0.001044,0.001582,0.020963,0.470286,0.473196,0.031629,0.001299,0.020836861950712257
400,0.000873,0.001493,0.039476,0.52133,0.420467,0.016033,0.000328,0.014963172389898116
401,0.001249,0.001178,0.112046,0.75734,0.126127,0.002036,2.3e-05,-0.006456420961924231
402,0.003781,0.00729,0.122342,0.573321,0.280071,0.012844,0.000351,0.0018758575685716564
403,0.009583,0.015368,0.162003,0.537275,0.258943,0.015708,0.001121,-0.0023060480613918987
404,0.006299,0.010708,0.130904,0.575537,0.256214,0.019323,0.001014,0.00041049597551765963
405,0.00368,0.005102,0.049195,0.554786,0.343041,0.041658,0.002538,0.013144600585924685
406,0.006771,0.00956,0.080924,0.535427,0.33842,0.027319,0.001579,0.008499653961978689
407,0.000153,0.000323,0.040341,0.787861,0.169128,0.002179,1.4e-05,-0.00031097768498281
408,0.00073,0.001566,0.041208,0.506591,0.423026,0.026703,0.000175,0.016303925655388886
409,0.001458,0.002372,0.070903,0.726297,0.191181,0.007595,0.000195,-0.0003002875954466672
410,0.000718,0.00125,0.064615,0.79442,0.136986,0.001981,3e-05,-0.003450876529059823
411,0.000386,0.000821,0.032216,0.737427,0.224072,0.005,7.8e-05,0.0033614452116813597
412,0.000256,0.000858,0.058465,0.802431,0.136883,0.001092,1.4e-05,-0.0031611553873595044
413,0.003653,0.007223,0.106511,0.699815,0.175255,0.007145,0.000397,-0.003707665347957645
414,0.000804,0.001802,0.079581,0.820879,0.0959,0.001014,2e-05,-0.006612366713941038
415,0.000283,0.000363,0.019106,0.710633,0.264598,0.004971,4.6e-05,0.00626324680309265
416,0.002225,0.002547,0.063063,0.720572,0.205341,0.006086,0.000164,0.0005403113950585479
417,0.000495,0.000688,0.089438,0.847265,0.061531,0.000569,1.5e-05,-0.00887924251393886
418,0.001117,0.002114,0.112741,0.686303,0.195868,0.001792,6.5e-05,-0.0027833615044981987
419,1.7e-05,1.8e-05,0.014126,0.938771,0.047049,1.9e-05,0.0,-0.00587616449741464
420,0.00029,0.001341,0.0383,0.811043,0.14671,0.002298,1.8e-05,-0.0015283656898026797
421,0.002441,0.002316,0.061342,0.733388,0.195752,0.004618,0.000144,-9.028692875850403e-05
422,6.2e-05,8.7e-05,0.021882,0.90923,0.068294,0.000441,4e-06,-0.005064467433714655
423,0.000141,7.2e-05,0.015587,0.917546,0.066584,7e-05,0.0,-0.004902007695386135
424,0.0,0.0,0.000924,0.976338,0.022737,1e-06,0.0,-0.006543418037059538
425,3e-06,7e-06,0.006242,0.928132,0.06551,0.000106,0.0,-0.0044671645355185705
426,0.004883,0.004233,0.06224,0.811538,0.115485,0.001462,0.000159,-0.0054164264533387045
427,0.000231,0.000202,0.004942,0.880637,0.112565,0.001409,1.3e-05,-0.0017303841231416381
428,8.1e-05,3e-05,0.018957,0.939121,0.041806,5e-06,0.0,-0.006412909522001284
429,0.000109,2.1e-05,0.020326,0.932984,0.046484,7.5e-05,1e-06,-0.006220555264141882
430,0.002853,0.008513,0.38147,0.560421,0.045325,0.001369,4.9e-05,-0.025186420624155183
431,2.9e-05,6.2e-05,0.012529,0.881132,0.106055,0.000192,1e-06,-0.0025700406437886543
432,1.2e-05,1e-05,0.067038,0.930542,0.002395,4e-06,0.0,-0.010928059286160396
433,8e-05,0.000188,0.128023,0.8665,0.0052,9e-06,0.0,-0.013822185038894397
434,0.019393,0.018768,0.711441,0.249314,0.000859,0.000134,9.2e-05,-0.047432139875801096
435,0.007502,0.037543,0.314182,0.628617,0.011883,0.000255,1.9e-05,-0.027169132269011177
436,0.000227,0.000411,0.014915,0.905769,0.07843,0.000238,1e-05,-0.004245001841194485
437,0.001135,0.001141,0.056505,0.818944,0.121231,0.001028,1.7e-05,-0.004076280597459721
438,0.000196,0.000255,0.021581,0.768377,0.207631,0.001942,1.7e-05,0.0026856037355380414
439,1.8e-05,5e-06,0.008439,0.864001,0.127472,6.4e-05,0.0,-0.001210829791115819
440,7e-06,5e-06,0.000249,0.31761,0.666886,0.014941,0.000303,0.030441280491442468
441,0.028018,0.067068,0.552275,0.317425,0.02874,0.00503,0.001445,-0.042845041880874006
442,0.009119,0.003254,0.156996,0.721369,0.091545,0.017284,0.000433,-0.009938612497577048
443,0.002144,0.004961,0.205006,0.698786,0.083491,0.005222,0.00039,-0.01339128210642387
444,0.000149,0.000226,0.014529,0.666047,0.312718,0.006295,3.7e-05,0.009301099879763722
445,0.000347,0.000613,0.049005,0.83988,0.109057,0.001087,1.1e-05,-0.0041987389818053614
446,0.000212,0.00025,0.019957,0.77132,0.205637,0.002606,1.8e-05,0.002737191525757344
447,0.0005,0.00127,0.011467,0.198019,0.627766,0.152434,0.008544,0.04618649195298787
448,0.000306,0.000445,0.010693,0.300159,0.642534,0.044936,0.000927,0.03232236858171631
449,0.001726,0.000896,0.212565,0.751141,0.033018,0.00062,3.4e-05,-0.016717396764532235
450,3e-06,2e-06,0.009604,0.969149,0.021227,1.5e-05,0.0,-0.0070545033037209956
451,8.6e-05,0.000107,0.002374,0.469304,0.52084,0.007231,5.9e-05,0.021369775140853704
452,0.028669,0.112969,0.409221,0.297256,0.052505,0.024471,0.074909,-0.02052202070441959
453,4.2e-05,4.7e-05,0.018491,0.925837,0.055528,5.6e-05,0.0,-0.005632700452037664
454,4e-05,3.3e-05,0.010595,0.879362,0.109724,0.000244,1e-06,-0.0022670825124318688
455,2e-06,1e-06,0.001696,0.946704,0.051545,5.2e-05,0.0,-0.0050079199476201
456,7e-05,4.2e-05,0.0058,0.854371,0.137711,0.001976,2.9e-05,-0.00029338443202333675
457,0.000209,8.3e-05,0.032245,0.849461,0.117639,0.000361,2e-06,-0.002923333682933202
458,0.00017,0.000237,0.017781,0.712964,0.265647,0.003188,1.3e-05,0.006188489806519546
459,0.010144,0.002006,0.50405,0.482231,0.001532,3.5e-05,2e-06,-0.03426843019063755
460,0.009777,0.01367,0.137943,0.708584,0.126946,0.00279,0.000292,-0.009930385485394638
461,0.016714,0.03136,0.317476,0.559511,0.070889,0.00309,0.000961,-0.024330029069340234
462,0.133065,0.098283,0.34037,0.311656,0.076753,0.032079,0.007794,-0.043111351529959575
463,0.007905,0.004737,0.013734,0.104463,0.759149,0.104017,0.005996,0.04535482841771381
464,0.057293,0.019512,0.075198,0.441209,0.395229,0.010078,0.001481,0.0015231357040738213
465,0.007255,0.026185,0.734601,0.222384,0.008911,0.000561,0.000102,-0.04701785580672128
466,0.003656,0.013253,0.111693,0.318408,0.430533,0.117718,0.00474,0.023850292900996262
467,0.004959,0.01194,0.192231,0.377341,0.395175,0.017957,0.000396,0.004714246064523294
468,0.000265,0.000279,0.006455,0.301161,0.667324,0.02448,3.6e-05,0.031205300017822204
469,0.004817,0.007066,0.056526,0.228142,0.449494,0.245794,0.008163,0.044441419526787256
470,0.040858,0.119836,0.052662,0.252277,0.375582,0.143488,0.015297,0.014003376950449672
